index	chromosome	start	end
1	1	0	3e+05
2	1	3e+05	1300000
3	1	1300000	2300000
4	1	2300000	3300000
5	1	3300000	4300000
6	1	4300000	5300000
7	1	5300000	6300000
8	1	6300000	7300000
9	1	7300000	8300000
10	1	8300000	9300000
11	1	9300000	10300000
12	1	10300000	11300000
13	1	11300000	12300000
14	1	12300000	13300000
15	1	13300000	14300000
16	1	14300000	15300000
17	1	15300000	16300000
18	1	16300000	17300000
19	1	17300000	18300000
20	1	18300000	19300000
21	1	19300000	20300000
22	1	20300000	21300000
23	1	21300000	22300000
24	1	22300000	23300000
25	1	23300000	24300000
26	1	24300000	25300000
27	1	25300000	26300000
28	1	26300000	27300000
29	1	27300000	28300000
30	1	28300000	29300000
31	1	29300000	30300000
32	1	30300000	31300000
33	1	31300000	32300000
34	1	32300000	33300000
35	1	33300000	34300000
36	1	34300000	35300000
37	1	35300000	36300000
38	1	36300000	37300000
39	1	37300000	38300000
40	1	38300000	39300000
41	1	39300000	40300000
42	1	40300000	41300000
43	1	41300000	42300000
44	1	42300000	43300000
45	1	43300000	44300000
46	1	44300000	45300000
47	1	45300000	46300000
48	1	46300000	47300000
49	1	47300000	48300000
50	1	48300000	49300000
51	1	49300000	50300000
52	1	50300000	51300000
53	1	51300000	52300000
54	1	52300000	53300000
55	1	53300000	54300000
56	1	54300000	55300000
57	1	55300000	56300000
58	1	56300000	57300000
59	1	57300000	58300000
60	1	58300000	59300000
61	1	59300000	60300000
62	1	60300000	61300000
63	1	61300000	62300000
64	1	62300000	63300000
65	1	63300000	64300000
66	1	64300000	65300000
67	1	65300000	66300000
68	1	66300000	67300000
69	1	67300000	68300000
70	1	68300000	69300000
71	1	69300000	70300000
72	1	70300000	71300000
73	1	71300000	72300000
74	1	72300000	73300000
75	1	73300000	74300000
76	1	74300000	75300000
77	1	75300000	76300000
78	1	76300000	77300000
79	1	77300000	78300000
80	1	78300000	79300000
81	1	79300000	80300000
82	1	80300000	81300000
83	1	81300000	82300000
84	1	82300000	83300000
85	1	83300000	84300000
86	1	84300000	85300000
87	1	85300000	86300000
88	1	86300000	87300000
89	1	87300000	88300000
90	1	88300000	89300000
91	1	89300000	90300000
92	1	90300000	91300000
93	1	91300000	92300000
94	1	92300000	93300000
95	1	93300000	94300000
96	1	94300000	95300000
97	1	95300000	96300000
98	1	96300000	97300000
99	1	97300000	98300000
100	1	98300000	99300000
101	1	99300000	100300000
102	1	100300000	101300000
103	1	101300000	102300000
104	1	102300000	103300000
105	1	103300000	104300000
106	1	104300000	105300000
107	1	105300000	106300000
108	1	106300000	107300000
109	1	107300000	108300000
110	1	108300000	109300000
111	1	109300000	110300000
112	1	110300000	111300000
113	1	111300000	112300000
114	1	112300000	113300000
115	1	113300000	114300000
116	1	114300000	115300000
117	1	115300000	116300000
118	1	116300000	117300000
119	1	117300000	118300000
120	1	118300000	119300000
121	1	119300000	120300000
122	1	120300000	121300000
123	1	121300000	122300000
124	1	122300000	123300000
125	1	123300000	124300000
126	1	124300000	125300000
127	1	125300000	126300000
128	1	126300000	127300000
129	1	127300000	128300000
130	1	128300000	129300000
131	1	129300000	130300000
132	1	130300000	131300000
133	1	131300000	132300000
134	1	132300000	133300000
135	1	133300000	134300000
136	1	134300000	135300000
137	1	135300000	136300000
138	1	136300000	137300000
139	1	137300000	138300000
140	1	138300000	139300000
141	1	139300000	140300000
142	1	140300000	141300000
143	1	141300000	142300000
144	1	142300000	143300000
145	1	143300000	144300000
146	1	144300000	145300000
147	1	145300000	146300000
148	1	146300000	147300000
149	1	147300000	148300000
150	1	148300000	149300000
151	1	149300000	150300000
152	1	150300000	151300000
153	1	151300000	152300000
154	1	152300000	153300000
155	1	153300000	154300000
156	1	154300000	155300000
157	1	155300000	156300000
158	1	156300000	157300000
159	1	157300000	158300000
160	1	158300000	159300000
161	1	159300000	160300000
162	1	160300000	161300000
163	1	161300000	162300000
164	1	162300000	163300000
165	1	163300000	164300000
166	1	164300000	165300000
167	1	165300000	166300000
168	1	166300000	167300000
169	1	167300000	168300000
170	1	168300000	169300000
171	1	169300000	170300000
172	1	170300000	171300000
173	1	171300000	172300000
174	1	172300000	173300000
175	1	173300000	174300000
176	1	174300000	175300000
177	1	175300000	176300000
178	1	176300000	177300000
179	1	177300000	178300000
180	1	178300000	179300000
181	1	179300000	180300000
182	1	180300000	181300000
183	1	181300000	182300000
184	1	182300000	183300000
185	1	183300000	184300000
186	1	184300000	185300000
187	1	185300000	186300000
188	1	186300000	187300000
189	1	187300000	188300000
190	1	188300000	189300000
191	1	189300000	190300000
192	1	190300000	191300000
193	1	191300000	192300000
194	1	192300000	193300000
195	1	193300000	194300000
196	1	194300000	195300000
197	1	195300000	196300000
198	1	196300000	197300000
199	1	197300000	198300000
200	1	198300000	199300000
201	1	199300000	200300000
202	1	200300000	201300000
203	1	201300000	202300000
204	1	202300000	203300000
205	1	203300000	204300000
206	1	204300000	205300000
207	1	205300000	206300000
208	1	206300000	207300000
209	1	207300000	208300000
210	1	208300000	209300000
211	1	209300000	210300000
212	1	210300000	211300000
213	1	211300000	212300000
214	1	212300000	213300000
215	1	213300000	214300000
216	1	214300000	215300000
217	1	215300000	216300000
218	1	216300000	217300000
219	1	217300000	218300000
220	1	218300000	219300000
221	1	219300000	220300000
222	1	220300000	221300000
223	1	221300000	222300000
224	1	222300000	223300000
225	1	223300000	224300000
226	1	224300000	225300000
227	1	225300000	226300000
228	1	226300000	227300000
229	1	227300000	228300000
230	1	228300000	229300000
231	1	229300000	230300000
232	1	230300000	231300000
233	1	231300000	232300000
234	1	232300000	233300000
235	1	233300000	234300000
236	1	234300000	235300000
237	1	235300000	236300000
238	1	236300000	237300000
239	1	237300000	238300000
240	1	238300000	239300000
241	1	239300000	240300000
242	1	240300000	241300000
243	1	241300000	242300000
244	1	242300000	243300000
245	1	243300000	244300000
246	1	244300000	245300000
247	1	245300000	246300000
248	1	246300000	247249719
249	2	0	3e+05
250	2	3e+05	1300000
251	2	1300000	2300000
252	2	2300000	3300000
253	2	3300000	4300000
254	2	4300000	5300000
255	2	5300000	6300000
256	2	6300000	7300000
257	2	7300000	8300000
258	2	8300000	9300000
259	2	9300000	10300000
260	2	10300000	11300000
261	2	11300000	12300000
262	2	12300000	13300000
263	2	13300000	14300000
264	2	14300000	15300000
265	2	15300000	16300000
266	2	16300000	17300000
267	2	17300000	18300000
268	2	18300000	19300000
269	2	19300000	20300000
270	2	20300000	21300000
271	2	21300000	22300000
272	2	22300000	23300000
273	2	23300000	24300000
274	2	24300000	25300000
275	2	25300000	26300000
276	2	26300000	27300000
277	2	27300000	28300000
278	2	28300000	29300000
279	2	29300000	30300000
280	2	30300000	31300000
281	2	31300000	32300000
282	2	32300000	33300000
283	2	33300000	34300000
284	2	34300000	35300000
285	2	35300000	36300000
286	2	36300000	37300000
287	2	37300000	38300000
288	2	38300000	39300000
289	2	39300000	40300000
290	2	40300000	41300000
291	2	41300000	42300000
292	2	42300000	43300000
293	2	43300000	44300000
294	2	44300000	45300000
295	2	45300000	46300000
296	2	46300000	47300000
297	2	47300000	48300000
298	2	48300000	49300000
299	2	49300000	50300000
300	2	50300000	51300000
301	2	51300000	52300000
302	2	52300000	53300000
303	2	53300000	54300000
304	2	54300000	55300000
305	2	55300000	56300000
306	2	56300000	57300000
307	2	57300000	58300000
308	2	58300000	59300000
309	2	59300000	60300000
310	2	60300000	61300000
311	2	61300000	62300000
312	2	62300000	63300000
313	2	63300000	64300000
314	2	64300000	65300000
315	2	65300000	66300000
316	2	66300000	67300000
317	2	67300000	68300000
318	2	68300000	69300000
319	2	69300000	70300000
320	2	70300000	71300000
321	2	71300000	72300000
322	2	72300000	73300000
323	2	73300000	74300000
324	2	74300000	75300000
325	2	75300000	76300000
326	2	76300000	77300000
327	2	77300000	78300000
328	2	78300000	79300000
329	2	79300000	80300000
330	2	80300000	81300000
331	2	81300000	82300000
332	2	82300000	83300000
333	2	83300000	84300000
334	2	84300000	85300000
335	2	85300000	86300000
336	2	86300000	87300000
337	2	87300000	88300000
338	2	88300000	89300000
339	2	89300000	90300000
340	2	90300000	91300000
341	2	91300000	92300000
342	2	92300000	93300000
343	2	93300000	94300000
344	2	94300000	95300000
345	2	95300000	96300000
346	2	96300000	97300000
347	2	97300000	98300000
348	2	98300000	99300000
349	2	99300000	100300000
350	2	100300000	101300000
351	2	101300000	102300000
352	2	102300000	103300000
353	2	103300000	104300000
354	2	104300000	105300000
355	2	105300000	106300000
356	2	106300000	107300000
357	2	107300000	108300000
358	2	108300000	109300000
359	2	109300000	110300000
360	2	110300000	111300000
361	2	111300000	112300000
362	2	112300000	113300000
363	2	113300000	114300000
364	2	114300000	115300000
365	2	115300000	116300000
366	2	116300000	117300000
367	2	117300000	118300000
368	2	118300000	119300000
369	2	119300000	120300000
370	2	120300000	121300000
371	2	121300000	122300000
372	2	122300000	123300000
373	2	123300000	124300000
374	2	124300000	125300000
375	2	125300000	126300000
376	2	126300000	127300000
377	2	127300000	128300000
378	2	128300000	129300000
379	2	129300000	130300000
380	2	130300000	131300000
381	2	131300000	132300000
382	2	132300000	133300000
383	2	133300000	134300000
384	2	134300000	135300000
385	2	135300000	136300000
386	2	136300000	137300000
387	2	137300000	138300000
388	2	138300000	139300000
389	2	139300000	140300000
390	2	140300000	141300000
391	2	141300000	142300000
392	2	142300000	143300000
393	2	143300000	144300000
394	2	144300000	145300000
395	2	145300000	146300000
396	2	146300000	147300000
397	2	147300000	148300000
398	2	148300000	149300000
399	2	149300000	150300000
400	2	150300000	151300000
401	2	151300000	152300000
402	2	152300000	153300000
403	2	153300000	154300000
404	2	154300000	155300000
405	2	155300000	156300000
406	2	156300000	157300000
407	2	157300000	158300000
408	2	158300000	159300000
409	2	159300000	160300000
410	2	160300000	161300000
411	2	161300000	162300000
412	2	162300000	163300000
413	2	163300000	164300000
414	2	164300000	165300000
415	2	165300000	166300000
416	2	166300000	167300000
417	2	167300000	168300000
418	2	168300000	169300000
419	2	169300000	170300000
420	2	170300000	171300000
421	2	171300000	172300000
422	2	172300000	173300000
423	2	173300000	174300000
424	2	174300000	175300000
425	2	175300000	176300000
426	2	176300000	177300000
427	2	177300000	178300000
428	2	178300000	179300000
429	2	179300000	180300000
430	2	180300000	181300000
431	2	181300000	182300000
432	2	182300000	183300000
433	2	183300000	184300000
434	2	184300000	185300000
435	2	185300000	186300000
436	2	186300000	187300000
437	2	187300000	188300000
438	2	188300000	189300000
439	2	189300000	190300000
440	2	190300000	191300000
441	2	191300000	192300000
442	2	192300000	193300000
443	2	193300000	194300000
444	2	194300000	195300000
445	2	195300000	196300000
446	2	196300000	197300000
447	2	197300000	198300000
448	2	198300000	199300000
449	2	199300000	200300000
450	2	200300000	201300000
451	2	201300000	202300000
452	2	202300000	203300000
453	2	203300000	204300000
454	2	204300000	205300000
455	2	205300000	206300000
456	2	206300000	207300000
457	2	207300000	208300000
458	2	208300000	209300000
459	2	209300000	210300000
460	2	210300000	211300000
461	2	211300000	212300000
462	2	212300000	213300000
463	2	213300000	214300000
464	2	214300000	215300000
465	2	215300000	216300000
466	2	216300000	217300000
467	2	217300000	218300000
468	2	218300000	219300000
469	2	219300000	220300000
470	2	220300000	221300000
471	2	221300000	222300000
472	2	222300000	223300000
473	2	223300000	224300000
474	2	224300000	225300000
475	2	225300000	226300000
476	2	226300000	227300000
477	2	227300000	228300000
478	2	228300000	229300000
479	2	229300000	230300000
480	2	230300000	231300000
481	2	231300000	232300000
482	2	232300000	233300000
483	2	233300000	234300000
484	2	234300000	235300000
485	2	235300000	236300000
486	2	236300000	237300000
487	2	237300000	238300000
488	2	238300000	239300000
489	2	239300000	240300000
490	2	240300000	241300000
491	2	241300000	242300000
492	2	242300000	242951149
493	3	0	7e+05
494	3	7e+05	1700000
495	3	1700000	2700000
496	3	2700000	3700000
497	3	3700000	4700000
498	3	4700000	5700000
499	3	5700000	6700000
500	3	6700000	7700000
501	3	7700000	8700000
502	3	8700000	9700000
503	3	9700000	10700000
504	3	10700000	11700000
505	3	11700000	12700000
506	3	12700000	13700000
507	3	13700000	14700000
508	3	14700000	15700000
509	3	15700000	16700000
510	3	16700000	17700000
511	3	17700000	18700000
512	3	18700000	19700000
513	3	19700000	20700000
514	3	20700000	21700000
515	3	21700000	22700000
516	3	22700000	23700000
517	3	23700000	24700000
518	3	24700000	25700000
519	3	25700000	26700000
520	3	26700000	27700000
521	3	27700000	28700000
522	3	28700000	29700000
523	3	29700000	30700000
524	3	30700000	31700000
525	3	31700000	32700000
526	3	32700000	33700000
527	3	33700000	34700000
528	3	34700000	35700000
529	3	35700000	36700000
530	3	36700000	37700000
531	3	37700000	38700000
532	3	38700000	39700000
533	3	39700000	40700000
534	3	40700000	41700000
535	3	41700000	42700000
536	3	42700000	43700000
537	3	43700000	44700000
538	3	44700000	45700000
539	3	45700000	46700000
540	3	46700000	47700000
541	3	47700000	48700000
542	3	48700000	49700000
543	3	49700000	50700000
544	3	50700000	51700000
545	3	51700000	52700000
546	3	52700000	53700000
547	3	53700000	54700000
548	3	54700000	55700000
549	3	55700000	56700000
550	3	56700000	57700000
551	3	57700000	58700000
552	3	58700000	59700000
553	3	59700000	60700000
554	3	60700000	61700000
555	3	61700000	62700000
556	3	62700000	63700000
557	3	63700000	64700000
558	3	64700000	65700000
559	3	65700000	66700000
560	3	66700000	67700000
561	3	67700000	68700000
562	3	68700000	69700000
563	3	69700000	70700000
564	3	70700000	71700000
565	3	71700000	72700000
566	3	72700000	73700000
567	3	73700000	74700000
568	3	74700000	75700000
569	3	75700000	76700000
570	3	76700000	77700000
571	3	77700000	78700000
572	3	78700000	79700000
573	3	79700000	80700000
574	3	80700000	81700000
575	3	81700000	82700000
576	3	82700000	83700000
577	3	83700000	84700000
578	3	84700000	85700000
579	3	85700000	86700000
580	3	86700000	87700000
581	3	87700000	88700000
582	3	88700000	89700000
583	3	89700000	90700000
584	3	90700000	91700000
585	3	91700000	92700000
586	3	92700000	93700000
587	3	93700000	94700000
588	3	94700000	95700000
589	3	95700000	96700000
590	3	96700000	97700000
591	3	97700000	98700000
592	3	98700000	99700000
593	3	99700000	100700000
594	3	100700000	101700000
595	3	101700000	102700000
596	3	102700000	103700000
597	3	103700000	104700000
598	3	104700000	105700000
599	3	105700000	106700000
600	3	106700000	107700000
601	3	107700000	108700000
602	3	108700000	109700000
603	3	109700000	110700000
604	3	110700000	111700000
605	3	111700000	112700000
606	3	112700000	113700000
607	3	113700000	114700000
608	3	114700000	115700000
609	3	115700000	116700000
610	3	116700000	117700000
611	3	117700000	118700000
612	3	118700000	119700000
613	3	119700000	120700000
614	3	120700000	121700000
615	3	121700000	122700000
616	3	122700000	123700000
617	3	123700000	124700000
618	3	124700000	125700000
619	3	125700000	126700000
620	3	126700000	127700000
621	3	127700000	128700000
622	3	128700000	129700000
623	3	129700000	130700000
624	3	130700000	131700000
625	3	131700000	132700000
626	3	132700000	133700000
627	3	133700000	134700000
628	3	134700000	135700000
629	3	135700000	136700000
630	3	136700000	137700000
631	3	137700000	138700000
632	3	138700000	139700000
633	3	139700000	140700000
634	3	140700000	141700000
635	3	141700000	142700000
636	3	142700000	143700000
637	3	143700000	144700000
638	3	144700000	145700000
639	3	145700000	146700000
640	3	146700000	147700000
641	3	147700000	148700000
642	3	148700000	149700000
643	3	149700000	150700000
644	3	150700000	151700000
645	3	151700000	152700000
646	3	152700000	153700000
647	3	153700000	154700000
648	3	154700000	155700000
649	3	155700000	156700000
650	3	156700000	157700000
651	3	157700000	158700000
652	3	158700000	159700000
653	3	159700000	160700000
654	3	160700000	161700000
655	3	161700000	162700000
656	3	162700000	163700000
657	3	163700000	164700000
658	3	164700000	165700000
659	3	165700000	166700000
660	3	166700000	167700000
661	3	167700000	168700000
662	3	168700000	169700000
663	3	169700000	170700000
664	3	170700000	171700000
665	3	171700000	172700000
666	3	172700000	173700000
667	3	173700000	174700000
668	3	174700000	175700000
669	3	175700000	176700000
670	3	176700000	177700000
671	3	177700000	178700000
672	3	178700000	179700000
673	3	179700000	180700000
674	3	180700000	181700000
675	3	181700000	182700000
676	3	182700000	183700000
677	3	183700000	184700000
678	3	184700000	185700000
679	3	185700000	186700000
680	3	186700000	187700000
681	3	187700000	188700000
682	3	188700000	189700000
683	3	189700000	190700000
684	3	190700000	191700000
685	3	191700000	192700000
686	3	192700000	193700000
687	3	193700000	194700000
688	3	194700000	195700000
689	3	195700000	196700000
690	3	196700000	197700000
691	3	197700000	198700000
692	3	198700000	199501827
693	4	0	7e+05
694	4	7e+05	1700000
695	4	1700000	2700000
696	4	2700000	3700000
697	4	3700000	4700000
698	4	4700000	5700000
699	4	5700000	6700000
700	4	6700000	7700000
701	4	7700000	8700000
702	4	8700000	9700000
703	4	9700000	10700000
704	4	10700000	11700000
705	4	11700000	12700000
706	4	12700000	13700000
707	4	13700000	14700000
708	4	14700000	15700000
709	4	15700000	16700000
710	4	16700000	17700000
711	4	17700000	18700000
712	4	18700000	19700000
713	4	19700000	20700000
714	4	20700000	21700000
715	4	21700000	22700000
716	4	22700000	23700000
717	4	23700000	24700000
718	4	24700000	25700000
719	4	25700000	26700000
720	4	26700000	27700000
721	4	27700000	28700000
722	4	28700000	29700000
723	4	29700000	30700000
724	4	30700000	31700000
725	4	31700000	32700000
726	4	32700000	33700000
727	4	33700000	34700000
728	4	34700000	35700000
729	4	35700000	36700000
730	4	36700000	37700000
731	4	37700000	38700000
732	4	38700000	39700000
733	4	39700000	40700000
734	4	40700000	41700000
735	4	41700000	42700000
736	4	42700000	43700000
737	4	43700000	44700000
738	4	44700000	45700000
739	4	45700000	46700000
740	4	46700000	47700000
741	4	47700000	48700000
742	4	48700000	49700000
743	4	49700000	50700000
744	4	50700000	51700000
745	4	51700000	52700000
746	4	52700000	53700000
747	4	53700000	54700000
748	4	54700000	55700000
749	4	55700000	56700000
750	4	56700000	57700000
751	4	57700000	58700000
752	4	58700000	59700000
753	4	59700000	60700000
754	4	60700000	61700000
755	4	61700000	62700000
756	4	62700000	63700000
757	4	63700000	64700000
758	4	64700000	65700000
759	4	65700000	66700000
760	4	66700000	67700000
761	4	67700000	68700000
762	4	68700000	69700000
763	4	69700000	70700000
764	4	70700000	71700000
765	4	71700000	72700000
766	4	72700000	73700000
767	4	73700000	74700000
768	4	74700000	75700000
769	4	75700000	76700000
770	4	76700000	77700000
771	4	77700000	78700000
772	4	78700000	79700000
773	4	79700000	80700000
774	4	80700000	81700000
775	4	81700000	82700000
776	4	82700000	83700000
777	4	83700000	84700000
778	4	84700000	85700000
779	4	85700000	86700000
780	4	86700000	87700000
781	4	87700000	88700000
782	4	88700000	89700000
783	4	89700000	90700000
784	4	90700000	91700000
785	4	91700000	92700000
786	4	92700000	93700000
787	4	93700000	94700000
788	4	94700000	95700000
789	4	95700000	96700000
790	4	96700000	97700000
791	4	97700000	98700000
792	4	98700000	99700000
793	4	99700000	100700000
794	4	100700000	101700000
795	4	101700000	102700000
796	4	102700000	103700000
797	4	103700000	104700000
798	4	104700000	105700000
799	4	105700000	106700000
800	4	106700000	107700000
801	4	107700000	108700000
802	4	108700000	109700000
803	4	109700000	110700000
804	4	110700000	111700000
805	4	111700000	112700000
806	4	112700000	113700000
807	4	113700000	114700000
808	4	114700000	115700000
809	4	115700000	116700000
810	4	116700000	117700000
811	4	117700000	118700000
812	4	118700000	119700000
813	4	119700000	120700000
814	4	120700000	121700000
815	4	121700000	122700000
816	4	122700000	123700000
817	4	123700000	124700000
818	4	124700000	125700000
819	4	125700000	126700000
820	4	126700000	127700000
821	4	127700000	128700000
822	4	128700000	129700000
823	4	129700000	130700000
824	4	130700000	131700000
825	4	131700000	132700000
826	4	132700000	133700000
827	4	133700000	134700000
828	4	134700000	135700000
829	4	135700000	136700000
830	4	136700000	137700000
831	4	137700000	138700000
832	4	138700000	139700000
833	4	139700000	140700000
834	4	140700000	141700000
835	4	141700000	142700000
836	4	142700000	143700000
837	4	143700000	144700000
838	4	144700000	145700000
839	4	145700000	146700000
840	4	146700000	147700000
841	4	147700000	148700000
842	4	148700000	149700000
843	4	149700000	150700000
844	4	150700000	151700000
845	4	151700000	152700000
846	4	152700000	153700000
847	4	153700000	154700000
848	4	154700000	155700000
849	4	155700000	156700000
850	4	156700000	157700000
851	4	157700000	158700000
852	4	158700000	159700000
853	4	159700000	160700000
854	4	160700000	161700000
855	4	161700000	162700000
856	4	162700000	163700000
857	4	163700000	164700000
858	4	164700000	165700000
859	4	165700000	166700000
860	4	166700000	167700000
861	4	167700000	168700000
862	4	168700000	169700000
863	4	169700000	170700000
864	4	170700000	171700000
865	4	171700000	172700000
866	4	172700000	173700000
867	4	173700000	174700000
868	4	174700000	175700000
869	4	175700000	176700000
870	4	176700000	177700000
871	4	177700000	178700000
872	4	178700000	179700000
873	4	179700000	180700000
874	4	180700000	181700000
875	4	181700000	182700000
876	4	182700000	183700000
877	4	183700000	184700000
878	4	184700000	185700000
879	4	185700000	186700000
880	4	186700000	187700000
881	4	187700000	188700000
882	4	188700000	189700000
883	4	189700000	190700000
884	4	190700000	191273063
885	5	0	7e+05
886	5	7e+05	1700000
887	5	1700000	2700000
888	5	2700000	3700000
889	5	3700000	4700000
890	5	4700000	5700000
891	5	5700000	6700000
892	5	6700000	7700000
893	5	7700000	8700000
894	5	8700000	9700000
895	5	9700000	10700000
896	5	10700000	11700000
897	5	11700000	12700000
898	5	12700000	13700000
899	5	13700000	14700000
900	5	14700000	15700000
901	5	15700000	16700000
902	5	16700000	17700000
903	5	17700000	18700000
904	5	18700000	19700000
905	5	19700000	20700000
906	5	20700000	21700000
907	5	21700000	22700000
908	5	22700000	23700000
909	5	23700000	24700000
910	5	24700000	25700000
911	5	25700000	26700000
912	5	26700000	27700000
913	5	27700000	28700000
914	5	28700000	29700000
915	5	29700000	30700000
916	5	30700000	31700000
917	5	31700000	32700000
918	5	32700000	33700000
919	5	33700000	34700000
920	5	34700000	35700000
921	5	35700000	36700000
922	5	36700000	37700000
923	5	37700000	38700000
924	5	38700000	39700000
925	5	39700000	40700000
926	5	40700000	41700000
927	5	41700000	42700000
928	5	42700000	43700000
929	5	43700000	44700000
930	5	44700000	45700000
931	5	45700000	46700000
932	5	46700000	47700000
933	5	47700000	48700000
934	5	48700000	49700000
935	5	49700000	50700000
936	5	50700000	51700000
937	5	51700000	52700000
938	5	52700000	53700000
939	5	53700000	54700000
940	5	54700000	55700000
941	5	55700000	56700000
942	5	56700000	57700000
943	5	57700000	58700000
944	5	58700000	59700000
945	5	59700000	60700000
946	5	60700000	61700000
947	5	61700000	62700000
948	5	62700000	63700000
949	5	63700000	64700000
950	5	64700000	65700000
951	5	65700000	66700000
952	5	66700000	67700000
953	5	67700000	68700000
954	5	68700000	69700000
955	5	69700000	70700000
956	5	70700000	71700000
957	5	71700000	72700000
958	5	72700000	73700000
959	5	73700000	74700000
960	5	74700000	75700000
961	5	75700000	76700000
962	5	76700000	77700000
963	5	77700000	78700000
964	5	78700000	79700000
965	5	79700000	80700000
966	5	80700000	81700000
967	5	81700000	82700000
968	5	82700000	83700000
969	5	83700000	84700000
970	5	84700000	85700000
971	5	85700000	86700000
972	5	86700000	87700000
973	5	87700000	88700000
974	5	88700000	89700000
975	5	89700000	90700000
976	5	90700000	91700000
977	5	91700000	92700000
978	5	92700000	93700000
979	5	93700000	94700000
980	5	94700000	95700000
981	5	95700000	96700000
982	5	96700000	97700000
983	5	97700000	98700000
984	5	98700000	99700000
985	5	99700000	100700000
986	5	100700000	101700000
987	5	101700000	102700000
988	5	102700000	103700000
989	5	103700000	104700000
990	5	104700000	105700000
991	5	105700000	106700000
992	5	106700000	107700000
993	5	107700000	108700000
994	5	108700000	109700000
995	5	109700000	110700000
996	5	110700000	111700000
997	5	111700000	112700000
998	5	112700000	113700000
999	5	113700000	114700000
1000	5	114700000	115700000
1001	5	115700000	116700000
1002	5	116700000	117700000
1003	5	117700000	118700000
1004	5	118700000	119700000
1005	5	119700000	120700000
1006	5	120700000	121700000
1007	5	121700000	122700000
1008	5	122700000	123700000
1009	5	123700000	124700000
1010	5	124700000	125700000
1011	5	125700000	126700000
1012	5	126700000	127700000
1013	5	127700000	128700000
1014	5	128700000	129700000
1015	5	129700000	130700000
1016	5	130700000	131700000
1017	5	131700000	132700000
1018	5	132700000	133700000
1019	5	133700000	134700000
1020	5	134700000	135700000
1021	5	135700000	136700000
1022	5	136700000	137700000
1023	5	137700000	138700000
1024	5	138700000	139700000
1025	5	139700000	140700000
1026	5	140700000	141700000
1027	5	141700000	142700000
1028	5	142700000	143700000
1029	5	143700000	144700000
1030	5	144700000	145700000
1031	5	145700000	146700000
1032	5	146700000	147700000
1033	5	147700000	148700000
1034	5	148700000	149700000
1035	5	149700000	150700000
1036	5	150700000	151700000
1037	5	151700000	152700000
1038	5	152700000	153700000
1039	5	153700000	154700000
1040	5	154700000	155700000
1041	5	155700000	156700000
1042	5	156700000	157700000
1043	5	157700000	158700000
1044	5	158700000	159700000
1045	5	159700000	160700000
1046	5	160700000	161700000
1047	5	161700000	162700000
1048	5	162700000	163700000
1049	5	163700000	164700000
1050	5	164700000	165700000
1051	5	165700000	166700000
1052	5	166700000	167700000
1053	5	167700000	168700000
1054	5	168700000	169700000
1055	5	169700000	170700000
1056	5	170700000	171700000
1057	5	171700000	172700000
1058	5	172700000	173700000
1059	5	173700000	174700000
1060	5	174700000	175700000
1061	5	175700000	176700000
1062	5	176700000	177700000
1063	5	177700000	178700000
1064	5	178700000	179700000
1065	5	179700000	180700000
1066	5	180700000	180857866
1067	6	0	5e+05
1068	6	5e+05	1500000
1069	6	1500000	2500000
1070	6	2500000	3500000
1071	6	3500000	4500000
1072	6	4500000	5500000
1073	6	5500000	6500000
1074	6	6500000	7500000
1075	6	7500000	8500000
1076	6	8500000	9500000
1077	6	9500000	10500000
1078	6	10500000	11500000
1079	6	11500000	12500000
1080	6	12500000	13500000
1081	6	13500000	14500000
1082	6	14500000	15500000
1083	6	15500000	16500000
1084	6	16500000	17500000
1085	6	17500000	18500000
1086	6	18500000	19500000
1087	6	19500000	20500000
1088	6	20500000	21500000
1089	6	21500000	22500000
1090	6	22500000	23500000
1091	6	23500000	24500000
1092	6	24500000	25500000
1093	6	25500000	26500000
1094	6	26500000	27500000
1095	6	27500000	28500000
1096	6	28500000	29500000
1097	6	29500000	30500000
1098	6	30500000	31500000
1099	6	31500000	32500000
1100	6	32500000	33500000
1101	6	33500000	34500000
1102	6	34500000	35500000
1103	6	35500000	36500000
1104	6	36500000	37500000
1105	6	37500000	38500000
1106	6	38500000	39500000
1107	6	39500000	40500000
1108	6	40500000	41500000
1109	6	41500000	42500000
1110	6	42500000	43500000
1111	6	43500000	44500000
1112	6	44500000	45500000
1113	6	45500000	46500000
1114	6	46500000	47500000
1115	6	47500000	48500000
1116	6	48500000	49500000
1117	6	49500000	50500000
1118	6	50500000	51500000
1119	6	51500000	52500000
1120	6	52500000	53500000
1121	6	53500000	54500000
1122	6	54500000	55500000
1123	6	55500000	56500000
1124	6	56500000	57500000
1125	6	57500000	58500000
1126	6	58500000	59500000
1127	6	59500000	60500000
1128	6	60500000	61500000
1129	6	61500000	62500000
1130	6	62500000	63500000
1131	6	63500000	64500000
1132	6	64500000	65500000
1133	6	65500000	66500000
1134	6	66500000	67500000
1135	6	67500000	68500000
1136	6	68500000	69500000
1137	6	69500000	70500000
1138	6	70500000	71500000
1139	6	71500000	72500000
1140	6	72500000	73500000
1141	6	73500000	74500000
1142	6	74500000	75500000
1143	6	75500000	76500000
1144	6	76500000	77500000
1145	6	77500000	78500000
1146	6	78500000	79500000
1147	6	79500000	80500000
1148	6	80500000	81500000
1149	6	81500000	82500000
1150	6	82500000	83500000
1151	6	83500000	84500000
1152	6	84500000	85500000
1153	6	85500000	86500000
1154	6	86500000	87500000
1155	6	87500000	88500000
1156	6	88500000	89500000
1157	6	89500000	90500000
1158	6	90500000	91500000
1159	6	91500000	92500000
1160	6	92500000	93500000
1161	6	93500000	94500000
1162	6	94500000	95500000
1163	6	95500000	96500000
1164	6	96500000	97500000
1165	6	97500000	98500000
1166	6	98500000	99500000
1167	6	99500000	100500000
1168	6	100500000	101500000
1169	6	101500000	102500000
1170	6	102500000	103500000
1171	6	103500000	104500000
1172	6	104500000	105500000
1173	6	105500000	106500000
1174	6	106500000	107500000
1175	6	107500000	108500000
1176	6	108500000	109500000
1177	6	109500000	110500000
1178	6	110500000	111500000
1179	6	111500000	112500000
1180	6	112500000	113500000
1181	6	113500000	114500000
1182	6	114500000	115500000
1183	6	115500000	116500000
1184	6	116500000	117500000
1185	6	117500000	118500000
1186	6	118500000	119500000
1187	6	119500000	120500000
1188	6	120500000	121500000
1189	6	121500000	122500000
1190	6	122500000	123500000
1191	6	123500000	124500000
1192	6	124500000	125500000
1193	6	125500000	126500000
1194	6	126500000	127500000
1195	6	127500000	128500000
1196	6	128500000	129500000
1197	6	129500000	130500000
1198	6	130500000	131500000
1199	6	131500000	132500000
1200	6	132500000	133500000
1201	6	133500000	134500000
1202	6	134500000	135500000
1203	6	135500000	136500000
1204	6	136500000	137500000
1205	6	137500000	138500000
1206	6	138500000	139500000
1207	6	139500000	140500000
1208	6	140500000	141500000
1209	6	141500000	142500000
1210	6	142500000	143500000
1211	6	143500000	144500000
1212	6	144500000	145500000
1213	6	145500000	146500000
1214	6	146500000	147500000
1215	6	147500000	148500000
1216	6	148500000	149500000
1217	6	149500000	150500000
1218	6	150500000	151500000
1219	6	151500000	152500000
1220	6	152500000	153500000
1221	6	153500000	154500000
1222	6	154500000	155500000
1223	6	155500000	156500000
1224	6	156500000	157500000
1225	6	157500000	158500000
1226	6	158500000	159500000
1227	6	159500000	160500000
1228	6	160500000	161500000
1229	6	161500000	162500000
1230	6	162500000	163500000
1231	6	163500000	164500000
1232	6	164500000	165500000
1233	6	165500000	166500000
1234	6	166500000	167500000
1235	6	167500000	168500000
1236	6	168500000	169500000
1237	6	169500000	170500000
1238	6	170500000	170899992
1239	7	0	1e+05
1240	7	1e+05	1100000
1241	7	1100000	2100000
1242	7	2100000	3100000
1243	7	3100000	4100000
1244	7	4100000	5100000
1245	7	5100000	6100000
1246	7	6100000	7100000
1247	7	7100000	8100000
1248	7	8100000	9100000
1249	7	9100000	10100000
1250	7	10100000	11100000
1251	7	11100000	12100000
1252	7	12100000	13100000
1253	7	13100000	14100000
1254	7	14100000	15100000
1255	7	15100000	16100000
1256	7	16100000	17100000
1257	7	17100000	18100000
1258	7	18100000	19100000
1259	7	19100000	20100000
1260	7	20100000	21100000
1261	7	21100000	22100000
1262	7	22100000	23100000
1263	7	23100000	24100000
1264	7	24100000	25100000
1265	7	25100000	26100000
1266	7	26100000	27100000
1267	7	27100000	28100000
1268	7	28100000	29100000
1269	7	29100000	30100000
1270	7	30100000	31100000
1271	7	31100000	32100000
1272	7	32100000	33100000
1273	7	33100000	34100000
1274	7	34100000	35100000
1275	7	35100000	36100000
1276	7	36100000	37100000
1277	7	37100000	38100000
1278	7	38100000	39100000
1279	7	39100000	40100000
1280	7	40100000	41100000
1281	7	41100000	42100000
1282	7	42100000	43100000
1283	7	43100000	44100000
1284	7	44100000	45100000
1285	7	45100000	46100000
1286	7	46100000	47100000
1287	7	47100000	48100000
1288	7	48100000	49100000
1289	7	49100000	50100000
1290	7	50100000	51100000
1291	7	51100000	52100000
1292	7	52100000	53100000
1293	7	53100000	54100000
1294	7	54100000	55100000
1295	7	55100000	56100000
1296	7	56100000	57100000
1297	7	57100000	58100000
1298	7	58100000	59100000
1299	7	59100000	60100000
1300	7	60100000	61100000
1301	7	61100000	62100000
1302	7	62100000	63100000
1303	7	63100000	64100000
1304	7	64100000	65100000
1305	7	65100000	66100000
1306	7	66100000	67100000
1307	7	67100000	68100000
1308	7	68100000	69100000
1309	7	69100000	70100000
1310	7	70100000	71100000
1311	7	71100000	72100000
1312	7	72100000	73100000
1313	7	73100000	74100000
1314	7	74100000	75100000
1315	7	75100000	76100000
1316	7	76100000	77100000
1317	7	77100000	78100000
1318	7	78100000	79100000
1319	7	79100000	80100000
1320	7	80100000	81100000
1321	7	81100000	82100000
1322	7	82100000	83100000
1323	7	83100000	84100000
1324	7	84100000	85100000
1325	7	85100000	86100000
1326	7	86100000	87100000
1327	7	87100000	88100000
1328	7	88100000	89100000
1329	7	89100000	90100000
1330	7	90100000	91100000
1331	7	91100000	92100000
1332	7	92100000	93100000
1333	7	93100000	94100000
1334	7	94100000	95100000
1335	7	95100000	96100000
1336	7	96100000	97100000
1337	7	97100000	98100000
1338	7	98100000	99100000
1339	7	99100000	100100000
1340	7	100100000	101100000
1341	7	101100000	102100000
1342	7	102100000	103100000
1343	7	103100000	104100000
1344	7	104100000	105100000
1345	7	105100000	106100000
1346	7	106100000	107100000
1347	7	107100000	108100000
1348	7	108100000	109100000
1349	7	109100000	110100000
1350	7	110100000	111100000
1351	7	111100000	112100000
1352	7	112100000	113100000
1353	7	113100000	114100000
1354	7	114100000	115100000
1355	7	115100000	116100000
1356	7	116100000	117100000
1357	7	117100000	118100000
1358	7	118100000	119100000
1359	7	119100000	120100000
1360	7	120100000	121100000
1361	7	121100000	122100000
1362	7	122100000	123100000
1363	7	123100000	124100000
1364	7	124100000	125100000
1365	7	125100000	126100000
1366	7	126100000	127100000
1367	7	127100000	128100000
1368	7	128100000	129100000
1369	7	129100000	130100000
1370	7	130100000	131100000
1371	7	131100000	132100000
1372	7	132100000	133100000
1373	7	133100000	134100000
1374	7	134100000	135100000
1375	7	135100000	136100000
1376	7	136100000	137100000
1377	7	137100000	138100000
1378	7	138100000	139100000
1379	7	139100000	140100000
1380	7	140100000	141100000
1381	7	141100000	142100000
1382	7	142100000	143100000
1383	7	143100000	144100000
1384	7	144100000	145100000
1385	7	145100000	146100000
1386	7	146100000	147100000
1387	7	147100000	148100000
1388	7	148100000	149100000
1389	7	149100000	150100000
1390	7	150100000	151100000
1391	7	151100000	152100000
1392	7	152100000	153100000
1393	7	153100000	154100000
1394	7	154100000	155100000
1395	7	155100000	156100000
1396	7	156100000	157100000
1397	7	157100000	158100000
1398	7	158100000	158821424
1399	8	0	2e+05
1400	8	2e+05	1200000
1401	8	1200000	2200000
1402	8	2200000	3200000
1403	8	3200000	4200000
1404	8	4200000	5200000
1405	8	5200000	6200000
1406	8	6200000	7200000
1407	8	7200000	8200000
1408	8	8200000	9200000
1409	8	9200000	10200000
1410	8	10200000	11200000
1411	8	11200000	12200000
1412	8	12200000	13200000
1413	8	13200000	14200000
1414	8	14200000	15200000
1415	8	15200000	16200000
1416	8	16200000	17200000
1417	8	17200000	18200000
1418	8	18200000	19200000
1419	8	19200000	20200000
1420	8	20200000	21200000
1421	8	21200000	22200000
1422	8	22200000	23200000
1423	8	23200000	24200000
1424	8	24200000	25200000
1425	8	25200000	26200000
1426	8	26200000	27200000
1427	8	27200000	28200000
1428	8	28200000	29200000
1429	8	29200000	30200000
1430	8	30200000	31200000
1431	8	31200000	32200000
1432	8	32200000	33200000
1433	8	33200000	34200000
1434	8	34200000	35200000
1435	8	35200000	36200000
1436	8	36200000	37200000
1437	8	37200000	38200000
1438	8	38200000	39200000
1439	8	39200000	40200000
1440	8	40200000	41200000
1441	8	41200000	42200000
1442	8	42200000	43200000
1443	8	43200000	44200000
1444	8	44200000	45200000
1445	8	45200000	46200000
1446	8	46200000	47200000
1447	8	47200000	48200000
1448	8	48200000	49200000
1449	8	49200000	50200000
1450	8	50200000	51200000
1451	8	51200000	52200000
1452	8	52200000	53200000
1453	8	53200000	54200000
1454	8	54200000	55200000
1455	8	55200000	56200000
1456	8	56200000	57200000
1457	8	57200000	58200000
1458	8	58200000	59200000
1459	8	59200000	60200000
1460	8	60200000	61200000
1461	8	61200000	62200000
1462	8	62200000	63200000
1463	8	63200000	64200000
1464	8	64200000	65200000
1465	8	65200000	66200000
1466	8	66200000	67200000
1467	8	67200000	68200000
1468	8	68200000	69200000
1469	8	69200000	70200000
1470	8	70200000	71200000
1471	8	71200000	72200000
1472	8	72200000	73200000
1473	8	73200000	74200000
1474	8	74200000	75200000
1475	8	75200000	76200000
1476	8	76200000	77200000
1477	8	77200000	78200000
1478	8	78200000	79200000
1479	8	79200000	80200000
1480	8	80200000	81200000
1481	8	81200000	82200000
1482	8	82200000	83200000
1483	8	83200000	84200000
1484	8	84200000	85200000
1485	8	85200000	86200000
1486	8	86200000	87200000
1487	8	87200000	88200000
1488	8	88200000	89200000
1489	8	89200000	90200000
1490	8	90200000	91200000
1491	8	91200000	92200000
1492	8	92200000	93200000
1493	8	93200000	94200000
1494	8	94200000	95200000
1495	8	95200000	96200000
1496	8	96200000	97200000
1497	8	97200000	98200000
1498	8	98200000	99200000
1499	8	99200000	100200000
1500	8	100200000	101200000
1501	8	101200000	102200000
1502	8	102200000	103200000
1503	8	103200000	104200000
1504	8	104200000	105200000
1505	8	105200000	106200000
1506	8	106200000	107200000
1507	8	107200000	108200000
1508	8	108200000	109200000
1509	8	109200000	110200000
1510	8	110200000	111200000
1511	8	111200000	112200000
1512	8	112200000	113200000
1513	8	113200000	114200000
1514	8	114200000	115200000
1515	8	115200000	116200000
1516	8	116200000	117200000
1517	8	117200000	118200000
1518	8	118200000	119200000
1519	8	119200000	120200000
1520	8	120200000	121200000
1521	8	121200000	122200000
1522	8	122200000	123200000
1523	8	123200000	124200000
1524	8	124200000	125200000
1525	8	125200000	126200000
1526	8	126200000	127200000
1527	8	127200000	128200000
1528	8	128200000	129200000
1529	8	129200000	130200000
1530	8	130200000	131200000
1531	8	131200000	132200000
1532	8	132200000	133200000
1533	8	133200000	134200000
1534	8	134200000	135200000
1535	8	135200000	136200000
1536	8	136200000	137200000
1537	8	137200000	138200000
1538	8	138200000	139200000
1539	8	139200000	140200000
1540	8	140200000	141200000
1541	8	141200000	142200000
1542	8	142200000	143200000
1543	8	143200000	144200000
1544	8	144200000	145200000
1545	8	145200000	146274826
1546	9	0	8e+05
1547	9	8e+05	1800000
1548	9	1800000	2800000
1549	9	2800000	3800000
1550	9	3800000	4800000
1551	9	4800000	5800000
1552	9	5800000	6800000
1553	9	6800000	7800000
1554	9	7800000	8800000
1555	9	8800000	9800000
1556	9	9800000	10800000
1557	9	10800000	11800000
1558	9	11800000	12800000
1559	9	12800000	13800000
1560	9	13800000	14800000
1561	9	14800000	15800000
1562	9	15800000	16800000
1563	9	16800000	17800000
1564	9	17800000	18800000
1565	9	18800000	19800000
1566	9	19800000	20800000
1567	9	20800000	21800000
1568	9	21800000	22800000
1569	9	22800000	23800000
1570	9	23800000	24800000
1571	9	24800000	25800000
1572	9	25800000	26800000
1573	9	26800000	27800000
1574	9	27800000	28800000
1575	9	28800000	29800000
1576	9	29800000	30800000
1577	9	30800000	31800000
1578	9	31800000	32800000
1579	9	32800000	33800000
1580	9	33800000	34800000
1581	9	34800000	35800000
1582	9	35800000	36800000
1583	9	36800000	37800000
1584	9	37800000	38800000
1585	9	38800000	39800000
1586	9	39800000	40800000
1587	9	40800000	41800000
1588	9	41800000	42800000
1589	9	42800000	43800000
1590	9	43800000	44800000
1591	9	44800000	45800000
1592	9	45800000	46800000
1593	9	46800000	47800000
1594	9	47800000	48800000
1595	9	48800000	49800000
1596	9	49800000	50800000
1597	9	50800000	51800000
1598	9	51800000	52800000
1599	9	52800000	53800000
1600	9	53800000	54800000
1601	9	54800000	55800000
1602	9	55800000	56800000
1603	9	56800000	57800000
1604	9	57800000	58800000
1605	9	58800000	59800000
1606	9	59800000	60800000
1607	9	60800000	61800000
1608	9	61800000	62800000
1609	9	62800000	63800000
1610	9	63800000	64800000
1611	9	64800000	65800000
1612	9	65800000	66800000
1613	9	66800000	67800000
1614	9	67800000	68800000
1615	9	68800000	69800000
1616	9	69800000	70800000
1617	9	70800000	71800000
1618	9	71800000	72800000
1619	9	72800000	73800000
1620	9	73800000	74800000
1621	9	74800000	75800000
1622	9	75800000	76800000
1623	9	76800000	77800000
1624	9	77800000	78800000
1625	9	78800000	79800000
1626	9	79800000	80800000
1627	9	80800000	81800000
1628	9	81800000	82800000
1629	9	82800000	83800000
1630	9	83800000	84800000
1631	9	84800000	85800000
1632	9	85800000	86800000
1633	9	86800000	87800000
1634	9	87800000	88800000
1635	9	88800000	89800000
1636	9	89800000	90800000
1637	9	90800000	91800000
1638	9	91800000	92800000
1639	9	92800000	93800000
1640	9	93800000	94800000
1641	9	94800000	95800000
1642	9	95800000	96800000
1643	9	96800000	97800000
1644	9	97800000	98800000
1645	9	98800000	99800000
1646	9	99800000	100800000
1647	9	100800000	101800000
1648	9	101800000	102800000
1649	9	102800000	103800000
1650	9	103800000	104800000
1651	9	104800000	105800000
1652	9	105800000	106800000
1653	9	106800000	107800000
1654	9	107800000	108800000
1655	9	108800000	109800000
1656	9	109800000	110800000
1657	9	110800000	111800000
1658	9	111800000	112800000
1659	9	112800000	113800000
1660	9	113800000	114800000
1661	9	114800000	115800000
1662	9	115800000	116800000
1663	9	116800000	117800000
1664	9	117800000	118800000
1665	9	118800000	119800000
1666	9	119800000	120800000
1667	9	120800000	121800000
1668	9	121800000	122800000
1669	9	122800000	123800000
1670	9	123800000	124800000
1671	9	124800000	125800000
1672	9	125800000	126800000
1673	9	126800000	127800000
1674	9	127800000	128800000
1675	9	128800000	129800000
1676	9	129800000	130800000
1677	9	130800000	131800000
1678	9	131800000	132800000
1679	9	132800000	133800000
1680	9	133800000	134800000
1681	9	134800000	135800000
1682	9	135800000	136800000
1683	9	136800000	137800000
1684	9	137800000	138800000
1685	9	138800000	139800000
1686	9	139800000	140273252
1687	10	0	3e+05
1688	10	3e+05	1300000
1689	10	1300000	2300000
1690	10	2300000	3300000
1691	10	3300000	4300000
1692	10	4300000	5300000
1693	10	5300000	6300000
1694	10	6300000	7300000
1695	10	7300000	8300000
1696	10	8300000	9300000
1697	10	9300000	10300000
1698	10	10300000	11300000
1699	10	11300000	12300000
1700	10	12300000	13300000
1701	10	13300000	14300000
1702	10	14300000	15300000
1703	10	15300000	16300000
1704	10	16300000	17300000
1705	10	17300000	18300000
1706	10	18300000	19300000
1707	10	19300000	20300000
1708	10	20300000	21300000
1709	10	21300000	22300000
1710	10	22300000	23300000
1711	10	23300000	24300000
1712	10	24300000	25300000
1713	10	25300000	26300000
1714	10	26300000	27300000
1715	10	27300000	28300000
1716	10	28300000	29300000
1717	10	29300000	30300000
1718	10	30300000	31300000
1719	10	31300000	32300000
1720	10	32300000	33300000
1721	10	33300000	34300000
1722	10	34300000	35300000
1723	10	35300000	36300000
1724	10	36300000	37300000
1725	10	37300000	38300000
1726	10	38300000	39300000
1727	10	39300000	40300000
1728	10	40300000	41300000
1729	10	41300000	42300000
1730	10	42300000	43300000
1731	10	43300000	44300000
1732	10	44300000	45300000
1733	10	45300000	46300000
1734	10	46300000	47300000
1735	10	47300000	48300000
1736	10	48300000	49300000
1737	10	49300000	50300000
1738	10	50300000	51300000
1739	10	51300000	52300000
1740	10	52300000	53300000
1741	10	53300000	54300000
1742	10	54300000	55300000
1743	10	55300000	56300000
1744	10	56300000	57300000
1745	10	57300000	58300000
1746	10	58300000	59300000
1747	10	59300000	60300000
1748	10	60300000	61300000
1749	10	61300000	62300000
1750	10	62300000	63300000
1751	10	63300000	64300000
1752	10	64300000	65300000
1753	10	65300000	66300000
1754	10	66300000	67300000
1755	10	67300000	68300000
1756	10	68300000	69300000
1757	10	69300000	70300000
1758	10	70300000	71300000
1759	10	71300000	72300000
1760	10	72300000	73300000
1761	10	73300000	74300000
1762	10	74300000	75300000
1763	10	75300000	76300000
1764	10	76300000	77300000
1765	10	77300000	78300000
1766	10	78300000	79300000
1767	10	79300000	80300000
1768	10	80300000	81300000
1769	10	81300000	82300000
1770	10	82300000	83300000
1771	10	83300000	84300000
1772	10	84300000	85300000
1773	10	85300000	86300000
1774	10	86300000	87300000
1775	10	87300000	88300000
1776	10	88300000	89300000
1777	10	89300000	90300000
1778	10	90300000	91300000
1779	10	91300000	92300000
1780	10	92300000	93300000
1781	10	93300000	94300000
1782	10	94300000	95300000
1783	10	95300000	96300000
1784	10	96300000	97300000
1785	10	97300000	98300000
1786	10	98300000	99300000
1787	10	99300000	100300000
1788	10	100300000	101300000
1789	10	101300000	102300000
1790	10	102300000	103300000
1791	10	103300000	104300000
1792	10	104300000	105300000
1793	10	105300000	106300000
1794	10	106300000	107300000
1795	10	107300000	108300000
1796	10	108300000	109300000
1797	10	109300000	110300000
1798	10	110300000	111300000
1799	10	111300000	112300000
1800	10	112300000	113300000
1801	10	113300000	114300000
1802	10	114300000	115300000
1803	10	115300000	116300000
1804	10	116300000	117300000
1805	10	117300000	118300000
1806	10	118300000	119300000
1807	10	119300000	120300000
1808	10	120300000	121300000
1809	10	121300000	122300000
1810	10	122300000	123300000
1811	10	123300000	124300000
1812	10	124300000	125300000
1813	10	125300000	126300000
1814	10	126300000	127300000
1815	10	127300000	128300000
1816	10	128300000	129300000
1817	10	129300000	130300000
1818	10	130300000	131300000
1819	10	131300000	132300000
1820	10	132300000	133300000
1821	10	133300000	134300000
1822	10	134300000	135374737
1823	11	0	9e+05
1824	11	9e+05	1900000
1825	11	1900000	2900000
1826	11	2900000	3900000
1827	11	3900000	4900000
1828	11	4900000	5900000
1829	11	5900000	6900000
1830	11	6900000	7900000
1831	11	7900000	8900000
1832	11	8900000	9900000
1833	11	9900000	10900000
1834	11	10900000	11900000
1835	11	11900000	12900000
1836	11	12900000	13900000
1837	11	13900000	14900000
1838	11	14900000	15900000
1839	11	15900000	16900000
1840	11	16900000	17900000
1841	11	17900000	18900000
1842	11	18900000	19900000
1843	11	19900000	20900000
1844	11	20900000	21900000
1845	11	21900000	22900000
1846	11	22900000	23900000
1847	11	23900000	24900000
1848	11	24900000	25900000
1849	11	25900000	26900000
1850	11	26900000	27900000
1851	11	27900000	28900000
1852	11	28900000	29900000
1853	11	29900000	30900000
1854	11	30900000	31900000
1855	11	31900000	32900000
1856	11	32900000	33900000
1857	11	33900000	34900000
1858	11	34900000	35900000
1859	11	35900000	36900000
1860	11	36900000	37900000
1861	11	37900000	38900000
1862	11	38900000	39900000
1863	11	39900000	40900000
1864	11	40900000	41900000
1865	11	41900000	42900000
1866	11	42900000	43900000
1867	11	43900000	44900000
1868	11	44900000	45900000
1869	11	45900000	46900000
1870	11	46900000	47900000
1871	11	47900000	48900000
1872	11	48900000	49900000
1873	11	49900000	50900000
1874	11	50900000	51900000
1875	11	51900000	52900000
1876	11	52900000	53900000
1877	11	53900000	54900000
1878	11	54900000	55900000
1879	11	55900000	56900000
1880	11	56900000	57900000
1881	11	57900000	58900000
1882	11	58900000	59900000
1883	11	59900000	60900000
1884	11	60900000	61900000
1885	11	61900000	62900000
1886	11	62900000	63900000
1887	11	63900000	64900000
1888	11	64900000	65900000
1889	11	65900000	66900000
1890	11	66900000	67900000
1891	11	67900000	68900000
1892	11	68900000	69900000
1893	11	69900000	70900000
1894	11	70900000	71900000
1895	11	71900000	72900000
1896	11	72900000	73900000
1897	11	73900000	74900000
1898	11	74900000	75900000
1899	11	75900000	76900000
1900	11	76900000	77900000
1901	11	77900000	78900000
1902	11	78900000	79900000
1903	11	79900000	80900000
1904	11	80900000	81900000
1905	11	81900000	82900000
1906	11	82900000	83900000
1907	11	83900000	84900000
1908	11	84900000	85900000
1909	11	85900000	86900000
1910	11	86900000	87900000
1911	11	87900000	88900000
1912	11	88900000	89900000
1913	11	89900000	90900000
1914	11	90900000	91900000
1915	11	91900000	92900000
1916	11	92900000	93900000
1917	11	93900000	94900000
1918	11	94900000	95900000
1919	11	95900000	96900000
1920	11	96900000	97900000
1921	11	97900000	98900000
1922	11	98900000	99900000
1923	11	99900000	100900000
1924	11	100900000	101900000
1925	11	101900000	102900000
1926	11	102900000	103900000
1927	11	103900000	104900000
1928	11	104900000	105900000
1929	11	105900000	106900000
1930	11	106900000	107900000
1931	11	107900000	108900000
1932	11	108900000	109900000
1933	11	109900000	110900000
1934	11	110900000	111900000
1935	11	111900000	112900000
1936	11	112900000	113900000
1937	11	113900000	114900000
1938	11	114900000	115900000
1939	11	115900000	116900000
1940	11	116900000	117900000
1941	11	117900000	118900000
1942	11	118900000	119900000
1943	11	119900000	120900000
1944	11	120900000	121900000
1945	11	121900000	122900000
1946	11	122900000	123900000
1947	11	123900000	124900000
1948	11	124900000	125900000
1949	11	125900000	126900000
1950	11	126900000	127900000
1951	11	127900000	128900000
1952	11	128900000	129900000
1953	11	129900000	130900000
1954	11	130900000	131900000
1955	11	131900000	132900000
1956	11	132900000	133900000
1957	11	133900000	134452384
1958	12	0	4e+05
1959	12	4e+05	1400000
1960	12	1400000	2400000
1961	12	2400000	3400000
1962	12	3400000	4400000
1963	12	4400000	5400000
1964	12	5400000	6400000
1965	12	6400000	7400000
1966	12	7400000	8400000
1967	12	8400000	9400000
1968	12	9400000	10400000
1969	12	10400000	11400000
1970	12	11400000	12400000
1971	12	12400000	13400000
1972	12	13400000	14400000
1973	12	14400000	15400000
1974	12	15400000	16400000
1975	12	16400000	17400000
1976	12	17400000	18400000
1977	12	18400000	19400000
1978	12	19400000	20400000
1979	12	20400000	21400000
1980	12	21400000	22400000
1981	12	22400000	23400000
1982	12	23400000	24400000
1983	12	24400000	25400000
1984	12	25400000	26400000
1985	12	26400000	27400000
1986	12	27400000	28400000
1987	12	28400000	29400000
1988	12	29400000	30400000
1989	12	30400000	31400000
1990	12	31400000	32400000
1991	12	32400000	33400000
1992	12	33400000	34400000
1993	12	34400000	35400000
1994	12	35400000	36400000
1995	12	36400000	37400000
1996	12	37400000	38400000
1997	12	38400000	39400000
1998	12	39400000	40400000
1999	12	40400000	41400000
2000	12	41400000	42400000
2001	12	42400000	43400000
2002	12	43400000	44400000
2003	12	44400000	45400000
2004	12	45400000	46400000
2005	12	46400000	47400000
2006	12	47400000	48400000
2007	12	48400000	49400000
2008	12	49400000	50400000
2009	12	50400000	51400000
2010	12	51400000	52400000
2011	12	52400000	53400000
2012	12	53400000	54400000
2013	12	54400000	55400000
2014	12	55400000	56400000
2015	12	56400000	57400000
2016	12	57400000	58400000
2017	12	58400000	59400000
2018	12	59400000	60400000
2019	12	60400000	61400000
2020	12	61400000	62400000
2021	12	62400000	63400000
2022	12	63400000	64400000
2023	12	64400000	65400000
2024	12	65400000	66400000
2025	12	66400000	67400000
2026	12	67400000	68400000
2027	12	68400000	69400000
2028	12	69400000	70400000
2029	12	70400000	71400000
2030	12	71400000	72400000
2031	12	72400000	73400000
2032	12	73400000	74400000
2033	12	74400000	75400000
2034	12	75400000	76400000
2035	12	76400000	77400000
2036	12	77400000	78400000
2037	12	78400000	79400000
2038	12	79400000	80400000
2039	12	80400000	81400000
2040	12	81400000	82400000
2041	12	82400000	83400000
2042	12	83400000	84400000
2043	12	84400000	85400000
2044	12	85400000	86400000
2045	12	86400000	87400000
2046	12	87400000	88400000
2047	12	88400000	89400000
2048	12	89400000	90400000
2049	12	90400000	91400000
2050	12	91400000	92400000
2051	12	92400000	93400000
2052	12	93400000	94400000
2053	12	94400000	95400000
2054	12	95400000	96400000
2055	12	96400000	97400000
2056	12	97400000	98400000
2057	12	98400000	99400000
2058	12	99400000	100400000
2059	12	100400000	101400000
2060	12	101400000	102400000
2061	12	102400000	103400000
2062	12	103400000	104400000
2063	12	104400000	105400000
2064	12	105400000	106400000
2065	12	106400000	107400000
2066	12	107400000	108400000
2067	12	108400000	109400000
2068	12	109400000	110400000
2069	12	110400000	111400000
2070	12	111400000	112400000
2071	12	112400000	113400000
2072	12	113400000	114400000
2073	12	114400000	115400000
2074	12	115400000	116400000
2075	12	116400000	117400000
2076	12	117400000	118400000
2077	12	118400000	119400000
2078	12	119400000	120400000
2079	12	120400000	121400000
2080	12	121400000	122400000
2081	12	122400000	123400000
2082	12	123400000	124400000
2083	12	124400000	125400000
2084	12	125400000	126400000
2085	12	126400000	127400000
2086	12	127400000	128400000
2087	12	128400000	129400000
2088	12	129400000	130400000
2089	12	130400000	131400000
2090	12	131400000	132349534
2091	13	0	1e+06
2092	13	1e+06	2e+06
2093	13	2e+06	3e+06
2094	13	3e+06	4e+06
2095	13	4e+06	5e+06
2096	13	5e+06	6e+06
2097	13	6e+06	7e+06
2098	13	7e+06	8e+06
2099	13	8e+06	9e+06
2100	13	9e+06	1e+07
2101	13	1e+07	1.1e+07
2102	13	1.1e+07	1.2e+07
2103	13	1.2e+07	1.3e+07
2104	13	1.3e+07	1.4e+07
2105	13	1.4e+07	1.5e+07
2106	13	1.5e+07	1.6e+07
2107	13	1.6e+07	1.7e+07
2108	13	1.7e+07	1.8e+07
2109	13	1.8e+07	1.9e+07
2110	13	1.9e+07	2e+07
2111	13	2e+07	2.1e+07
2112	13	2.1e+07	2.2e+07
2113	13	2.2e+07	2.3e+07
2114	13	2.3e+07	2.4e+07
2115	13	2.4e+07	2.5e+07
2116	13	2.5e+07	2.6e+07
2117	13	2.6e+07	2.7e+07
2118	13	2.7e+07	2.8e+07
2119	13	2.8e+07	2.9e+07
2120	13	2.9e+07	3e+07
2121	13	3e+07	3.1e+07
2122	13	3.1e+07	3.2e+07
2123	13	3.2e+07	3.3e+07
2124	13	3.3e+07	3.4e+07
2125	13	3.4e+07	3.5e+07
2126	13	3.5e+07	3.6e+07
2127	13	3.6e+07	3.7e+07
2128	13	3.7e+07	3.8e+07
2129	13	3.8e+07	3.9e+07
2130	13	3.9e+07	4e+07
2131	13	4e+07	4.1e+07
2132	13	4.1e+07	4.2e+07
2133	13	4.2e+07	4.3e+07
2134	13	4.3e+07	4.4e+07
2135	13	4.4e+07	4.5e+07
2136	13	4.5e+07	4.6e+07
2137	13	4.6e+07	4.7e+07
2138	13	4.7e+07	4.8e+07
2139	13	4.8e+07	4.9e+07
2140	13	4.9e+07	5e+07
2141	13	5e+07	5.1e+07
2142	13	5.1e+07	5.2e+07
2143	13	5.2e+07	5.3e+07
2144	13	5.3e+07	5.4e+07
2145	13	5.4e+07	5.5e+07
2146	13	5.5e+07	5.6e+07
2147	13	5.6e+07	5.7e+07
2148	13	5.7e+07	5.8e+07
2149	13	5.8e+07	5.9e+07
2150	13	5.9e+07	6e+07
2151	13	6e+07	6.1e+07
2152	13	6.1e+07	6.2e+07
2153	13	6.2e+07	6.3e+07
2154	13	6.3e+07	6.4e+07
2155	13	6.4e+07	6.5e+07
2156	13	6.5e+07	6.6e+07
2157	13	6.6e+07	6.7e+07
2158	13	6.7e+07	6.8e+07
2159	13	6.8e+07	6.9e+07
2160	13	6.9e+07	7e+07
2161	13	7e+07	7.1e+07
2162	13	7.1e+07	7.2e+07
2163	13	7.2e+07	7.3e+07
2164	13	7.3e+07	7.4e+07
2165	13	7.4e+07	7.5e+07
2166	13	7.5e+07	7.6e+07
2167	13	7.6e+07	7.7e+07
2168	13	7.7e+07	7.8e+07
2169	13	7.8e+07	7.9e+07
2170	13	7.9e+07	8e+07
2171	13	8e+07	8.1e+07
2172	13	8.1e+07	8.2e+07
2173	13	8.2e+07	8.3e+07
2174	13	8.3e+07	8.4e+07
2175	13	8.4e+07	8.5e+07
2176	13	8.5e+07	8.6e+07
2177	13	8.6e+07	8.7e+07
2178	13	8.7e+07	8.8e+07
2179	13	8.8e+07	8.9e+07
2180	13	8.9e+07	9e+07
2181	13	9e+07	9.1e+07
2182	13	9.1e+07	9.2e+07
2183	13	9.2e+07	9.3e+07
2184	13	9.3e+07	9.4e+07
2185	13	9.4e+07	9.5e+07
2186	13	9.5e+07	9.6e+07
2187	13	9.6e+07	9.7e+07
2188	13	9.7e+07	9.8e+07
2189	13	9.8e+07	9.9e+07
2190	13	9.9e+07	1e+08
2191	13	1e+08	1.01e+08
2192	13	1.01e+08	1.02e+08
2193	13	1.02e+08	1.03e+08
2194	13	1.03e+08	1.04e+08
2195	13	1.04e+08	1.05e+08
2196	13	1.05e+08	1.06e+08
2197	13	1.06e+08	1.07e+08
2198	13	1.07e+08	1.08e+08
2199	13	1.08e+08	1.09e+08
2200	13	1.09e+08	1.1e+08
2201	13	1.1e+08	1.11e+08
2202	13	1.11e+08	1.12e+08
2203	13	1.12e+08	1.13e+08
2204	13	1.13e+08	1.14e+08
2205	13	1.14e+08	114142980
2206	14	0	6e+05
2207	14	6e+05	1600000
2208	14	1600000	2600000
2209	14	2600000	3600000
2210	14	3600000	4600000
2211	14	4600000	5600000
2212	14	5600000	6600000
2213	14	6600000	7600000
2214	14	7600000	8600000
2215	14	8600000	9600000
2216	14	9600000	10600000
2217	14	10600000	11600000
2218	14	11600000	12600000
2219	14	12600000	13600000
2220	14	13600000	14600000
2221	14	14600000	15600000
2222	14	15600000	16600000
2223	14	16600000	17600000
2224	14	17600000	18600000
2225	14	18600000	19600000
2226	14	19600000	20600000
2227	14	20600000	21600000
2228	14	21600000	22600000
2229	14	22600000	23600000
2230	14	23600000	24600000
2231	14	24600000	25600000
2232	14	25600000	26600000
2233	14	26600000	27600000
2234	14	27600000	28600000
2235	14	28600000	29600000
2236	14	29600000	30600000
2237	14	30600000	31600000
2238	14	31600000	32600000
2239	14	32600000	33600000
2240	14	33600000	34600000
2241	14	34600000	35600000
2242	14	35600000	36600000
2243	14	36600000	37600000
2244	14	37600000	38600000
2245	14	38600000	39600000
2246	14	39600000	40600000
2247	14	40600000	41600000
2248	14	41600000	42600000
2249	14	42600000	43600000
2250	14	43600000	44600000
2251	14	44600000	45600000
2252	14	45600000	46600000
2253	14	46600000	47600000
2254	14	47600000	48600000
2255	14	48600000	49600000
2256	14	49600000	50600000
2257	14	50600000	51600000
2258	14	51600000	52600000
2259	14	52600000	53600000
2260	14	53600000	54600000
2261	14	54600000	55600000
2262	14	55600000	56600000
2263	14	56600000	57600000
2264	14	57600000	58600000
2265	14	58600000	59600000
2266	14	59600000	60600000
2267	14	60600000	61600000
2268	14	61600000	62600000
2269	14	62600000	63600000
2270	14	63600000	64600000
2271	14	64600000	65600000
2272	14	65600000	66600000
2273	14	66600000	67600000
2274	14	67600000	68600000
2275	14	68600000	69600000
2276	14	69600000	70600000
2277	14	70600000	71600000
2278	14	71600000	72600000
2279	14	72600000	73600000
2280	14	73600000	74600000
2281	14	74600000	75600000
2282	14	75600000	76600000
2283	14	76600000	77600000
2284	14	77600000	78600000
2285	14	78600000	79600000
2286	14	79600000	80600000
2287	14	80600000	81600000
2288	14	81600000	82600000
2289	14	82600000	83600000
2290	14	83600000	84600000
2291	14	84600000	85600000
2292	14	85600000	86600000
2293	14	86600000	87600000
2294	14	87600000	88600000
2295	14	88600000	89600000
2296	14	89600000	90600000
2297	14	90600000	91600000
2298	14	91600000	92600000
2299	14	92600000	93600000
2300	14	93600000	94600000
2301	14	94600000	95600000
2302	14	95600000	96600000
2303	14	96600000	97600000
2304	14	97600000	98600000
2305	14	98600000	99600000
2306	14	99600000	100600000
2307	14	100600000	101600000
2308	14	101600000	102600000
2309	14	102600000	103600000
2310	14	103600000	104600000
2311	14	104600000	105600000
2312	14	105600000	106368585
2313	15	0	1e+06
2314	15	1e+06	2e+06
2315	15	2e+06	3e+06
2316	15	3e+06	4e+06
2317	15	4e+06	5e+06
2318	15	5e+06	6e+06
2319	15	6e+06	7e+06
2320	15	7e+06	8e+06
2321	15	8e+06	9e+06
2322	15	9e+06	1e+07
2323	15	1e+07	1.1e+07
2324	15	1.1e+07	1.2e+07
2325	15	1.2e+07	1.3e+07
2326	15	1.3e+07	1.4e+07
2327	15	1.4e+07	1.5e+07
2328	15	1.5e+07	1.6e+07
2329	15	1.6e+07	1.7e+07
2330	15	1.7e+07	1.8e+07
2331	15	1.8e+07	1.9e+07
2332	15	1.9e+07	2e+07
2333	15	2e+07	2.1e+07
2334	15	2.1e+07	2.2e+07
2335	15	2.2e+07	2.3e+07
2336	15	2.3e+07	2.4e+07
2337	15	2.4e+07	2.5e+07
2338	15	2.5e+07	2.6e+07
2339	15	2.6e+07	2.7e+07
2340	15	2.7e+07	2.8e+07
2341	15	2.8e+07	2.9e+07
2342	15	2.9e+07	3e+07
2343	15	3e+07	3.1e+07
2344	15	3.1e+07	3.2e+07
2345	15	3.2e+07	3.3e+07
2346	15	3.3e+07	3.4e+07
2347	15	3.4e+07	3.5e+07
2348	15	3.5e+07	3.6e+07
2349	15	3.6e+07	3.7e+07
2350	15	3.7e+07	3.8e+07
2351	15	3.8e+07	3.9e+07
2352	15	3.9e+07	4e+07
2353	15	4e+07	4.1e+07
2354	15	4.1e+07	4.2e+07
2355	15	4.2e+07	4.3e+07
2356	15	4.3e+07	4.4e+07
2357	15	4.4e+07	4.5e+07
2358	15	4.5e+07	4.6e+07
2359	15	4.6e+07	4.7e+07
2360	15	4.7e+07	4.8e+07
2361	15	4.8e+07	4.9e+07
2362	15	4.9e+07	5e+07
2363	15	5e+07	5.1e+07
2364	15	5.1e+07	5.2e+07
2365	15	5.2e+07	5.3e+07
2366	15	5.3e+07	5.4e+07
2367	15	5.4e+07	5.5e+07
2368	15	5.5e+07	5.6e+07
2369	15	5.6e+07	5.7e+07
2370	15	5.7e+07	5.8e+07
2371	15	5.8e+07	5.9e+07
2372	15	5.9e+07	6e+07
2373	15	6e+07	6.1e+07
2374	15	6.1e+07	6.2e+07
2375	15	6.2e+07	6.3e+07
2376	15	6.3e+07	6.4e+07
2377	15	6.4e+07	6.5e+07
2378	15	6.5e+07	6.6e+07
2379	15	6.6e+07	6.7e+07
2380	15	6.7e+07	6.8e+07
2381	15	6.8e+07	6.9e+07
2382	15	6.9e+07	7e+07
2383	15	7e+07	7.1e+07
2384	15	7.1e+07	7.2e+07
2385	15	7.2e+07	7.3e+07
2386	15	7.3e+07	7.4e+07
2387	15	7.4e+07	7.5e+07
2388	15	7.5e+07	7.6e+07
2389	15	7.6e+07	7.7e+07
2390	15	7.7e+07	7.8e+07
2391	15	7.8e+07	7.9e+07
2392	15	7.9e+07	8e+07
2393	15	8e+07	8.1e+07
2394	15	8.1e+07	8.2e+07
2395	15	8.2e+07	8.3e+07
2396	15	8.3e+07	8.4e+07
2397	15	8.4e+07	8.5e+07
2398	15	8.5e+07	8.6e+07
2399	15	8.6e+07	8.7e+07
2400	15	8.7e+07	8.8e+07
2401	15	8.8e+07	8.9e+07
2402	15	8.9e+07	9e+07
2403	15	9e+07	9.1e+07
2404	15	9.1e+07	9.2e+07
2405	15	9.2e+07	9.3e+07
2406	15	9.3e+07	9.4e+07
2407	15	9.4e+07	9.5e+07
2408	15	9.5e+07	9.6e+07
2409	15	9.6e+07	9.7e+07
2410	15	9.7e+07	9.8e+07
2411	15	9.8e+07	9.9e+07
2412	15	9.9e+07	1e+08
2413	15	1e+08	100338915
2414	16	0	2e+05
2415	16	2e+05	1200000
2416	16	1200000	2200000
2417	16	2200000	3200000
2418	16	3200000	4200000
2419	16	4200000	5200000
2420	16	5200000	6200000
2421	16	6200000	7200000
2422	16	7200000	8200000
2423	16	8200000	9200000
2424	16	9200000	10200000
2425	16	10200000	11200000
2426	16	11200000	12200000
2427	16	12200000	13200000
2428	16	13200000	14200000
2429	16	14200000	15200000
2430	16	15200000	16200000
2431	16	16200000	17200000
2432	16	17200000	18200000
2433	16	18200000	19200000
2434	16	19200000	20200000
2435	16	20200000	21200000
2436	16	21200000	22200000
2437	16	22200000	23200000
2438	16	23200000	24200000
2439	16	24200000	25200000
2440	16	25200000	26200000
2441	16	26200000	27200000
2442	16	27200000	28200000
2443	16	28200000	29200000
2444	16	29200000	30200000
2445	16	30200000	31200000
2446	16	31200000	32200000
2447	16	32200000	33200000
2448	16	33200000	34200000
2449	16	34200000	35200000
2450	16	35200000	36200000
2451	16	36200000	37200000
2452	16	37200000	38200000
2453	16	38200000	39200000
2454	16	39200000	40200000
2455	16	40200000	41200000
2456	16	41200000	42200000
2457	16	42200000	43200000
2458	16	43200000	44200000
2459	16	44200000	45200000
2460	16	45200000	46200000
2461	16	46200000	47200000
2462	16	47200000	48200000
2463	16	48200000	49200000
2464	16	49200000	50200000
2465	16	50200000	51200000
2466	16	51200000	52200000
2467	16	52200000	53200000
2468	16	53200000	54200000
2469	16	54200000	55200000
2470	16	55200000	56200000
2471	16	56200000	57200000
2472	16	57200000	58200000
2473	16	58200000	59200000
2474	16	59200000	60200000
2475	16	60200000	61200000
2476	16	61200000	62200000
2477	16	62200000	63200000
2478	16	63200000	64200000
2479	16	64200000	65200000
2480	16	65200000	66200000
2481	16	66200000	67200000
2482	16	67200000	68200000
2483	16	68200000	69200000
2484	16	69200000	70200000
2485	16	70200000	71200000
2486	16	71200000	72200000
2487	16	72200000	73200000
2488	16	73200000	74200000
2489	16	74200000	75200000
2490	16	75200000	76200000
2491	16	76200000	77200000
2492	16	77200000	78200000
2493	16	78200000	79200000
2494	16	79200000	80200000
2495	16	80200000	81200000
2496	16	81200000	82200000
2497	16	82200000	83200000
2498	16	83200000	84200000
2499	16	84200000	85200000
2500	16	85200000	86200000
2501	16	86200000	87200000
2502	16	87200000	88200000
2503	16	88200000	88827254
2504	17	0	2e+05
2505	17	2e+05	1200000
2506	17	1200000	2200000
2507	17	2200000	3200000
2508	17	3200000	4200000
2509	17	4200000	5200000
2510	17	5200000	6200000
2511	17	6200000	7200000
2512	17	7200000	8200000
2513	17	8200000	9200000
2514	17	9200000	10200000
2515	17	10200000	11200000
2516	17	11200000	12200000
2517	17	12200000	13200000
2518	17	13200000	14200000
2519	17	14200000	15200000
2520	17	15200000	16200000
2521	17	16200000	17200000
2522	17	17200000	18200000
2523	17	18200000	19200000
2524	17	19200000	20200000
2525	17	20200000	21200000
2526	17	21200000	22200000
2527	17	22200000	23200000
2528	17	23200000	24200000
2529	17	24200000	25200000
2530	17	25200000	26200000
2531	17	26200000	27200000
2532	17	27200000	28200000
2533	17	28200000	29200000
2534	17	29200000	30200000
2535	17	30200000	31200000
2536	17	31200000	32200000
2537	17	32200000	33200000
2538	17	33200000	34200000
2539	17	34200000	35200000
2540	17	35200000	36200000
2541	17	36200000	37200000
2542	17	37200000	38200000
2543	17	38200000	39200000
2544	17	39200000	40200000
2545	17	40200000	41200000
2546	17	41200000	42200000
2547	17	42200000	43200000
2548	17	43200000	44200000
2549	17	44200000	45200000
2550	17	45200000	46200000
2551	17	46200000	47200000
2552	17	47200000	48200000
2553	17	48200000	49200000
2554	17	49200000	50200000
2555	17	50200000	51200000
2556	17	51200000	52200000
2557	17	52200000	53200000
2558	17	53200000	54200000
2559	17	54200000	55200000
2560	17	55200000	56200000
2561	17	56200000	57200000
2562	17	57200000	58200000
2563	17	58200000	59200000
2564	17	59200000	60200000
2565	17	60200000	61200000
2566	17	61200000	62200000
2567	17	62200000	63200000
2568	17	63200000	64200000
2569	17	64200000	65200000
2570	17	65200000	66200000
2571	17	66200000	67200000
2572	17	67200000	68200000
2573	17	68200000	69200000
2574	17	69200000	70200000
2575	17	70200000	71200000
2576	17	71200000	72200000
2577	17	72200000	73200000
2578	17	73200000	74200000
2579	17	74200000	75200000
2580	17	75200000	76200000
2581	17	76200000	77200000
2582	17	77200000	78200000
2583	17	78200000	78774742
2584	18	0	1e+05
2585	18	1e+05	1100000
2586	18	1100000	2100000
2587	18	2100000	3100000
2588	18	3100000	4100000
2589	18	4100000	5100000
2590	18	5100000	6100000
2591	18	6100000	7100000
2592	18	7100000	8100000
2593	18	8100000	9100000
2594	18	9100000	10100000
2595	18	10100000	11100000
2596	18	11100000	12100000
2597	18	12100000	13100000
2598	18	13100000	14100000
2599	18	14100000	15100000
2600	18	15100000	16100000
2601	18	16100000	17100000
2602	18	17100000	18100000
2603	18	18100000	19100000
2604	18	19100000	20100000
2605	18	20100000	21100000
2606	18	21100000	22100000
2607	18	22100000	23100000
2608	18	23100000	24100000
2609	18	24100000	25100000
2610	18	25100000	26100000
2611	18	26100000	27100000
2612	18	27100000	28100000
2613	18	28100000	29100000
2614	18	29100000	30100000
2615	18	30100000	31100000
2616	18	31100000	32100000
2617	18	32100000	33100000
2618	18	33100000	34100000
2619	18	34100000	35100000
2620	18	35100000	36100000
2621	18	36100000	37100000
2622	18	37100000	38100000
2623	18	38100000	39100000
2624	18	39100000	40100000
2625	18	40100000	41100000
2626	18	41100000	42100000
2627	18	42100000	43100000
2628	18	43100000	44100000
2629	18	44100000	45100000
2630	18	45100000	46100000
2631	18	46100000	47100000
2632	18	47100000	48100000
2633	18	48100000	49100000
2634	18	49100000	50100000
2635	18	50100000	51100000
2636	18	51100000	52100000
2637	18	52100000	53100000
2638	18	53100000	54100000
2639	18	54100000	55100000
2640	18	55100000	56100000
2641	18	56100000	57100000
2642	18	57100000	58100000
2643	18	58100000	59100000
2644	18	59100000	60100000
2645	18	60100000	61100000
2646	18	61100000	62100000
2647	18	62100000	63100000
2648	18	63100000	64100000
2649	18	64100000	65100000
2650	18	65100000	66100000
2651	18	66100000	67100000
2652	18	67100000	68100000
2653	18	68100000	69100000
2654	18	69100000	70100000
2655	18	70100000	71100000
2656	18	71100000	72100000
2657	18	72100000	73100000
2658	18	73100000	74100000
2659	18	74100000	75100000
2660	18	75100000	76117153
2661	19	0	5e+05
2662	19	5e+05	1500000
2663	19	1500000	2500000
2664	19	2500000	3500000
2665	19	3500000	4500000
2666	19	4500000	5500000
2667	19	5500000	6500000
2668	19	6500000	7500000
2669	19	7500000	8500000
2670	19	8500000	9500000
2671	19	9500000	10500000
2672	19	10500000	11500000
2673	19	11500000	12500000
2674	19	12500000	13500000
2675	19	13500000	14500000
2676	19	14500000	15500000
2677	19	15500000	16500000
2678	19	16500000	17500000
2679	19	17500000	18500000
2680	19	18500000	19500000
2681	19	19500000	20500000
2682	19	20500000	21500000
2683	19	21500000	22500000
2684	19	22500000	23500000
2685	19	23500000	24500000
2686	19	24500000	25500000
2687	19	25500000	26500000
2688	19	26500000	27500000
2689	19	27500000	28500000
2690	19	28500000	29500000
2691	19	29500000	30500000
2692	19	30500000	31500000
2693	19	31500000	32500000
2694	19	32500000	33500000
2695	19	33500000	34500000
2696	19	34500000	35500000
2697	19	35500000	36500000
2698	19	36500000	37500000
2699	19	37500000	38500000
2700	19	38500000	39500000
2701	19	39500000	40500000
2702	19	40500000	41500000
2703	19	41500000	42500000
2704	19	42500000	43500000
2705	19	43500000	44500000
2706	19	44500000	45500000
2707	19	45500000	46500000
2708	19	46500000	47500000
2709	19	47500000	48500000
2710	19	48500000	49500000
2711	19	49500000	50500000
2712	19	50500000	51500000
2713	19	51500000	52500000
2714	19	52500000	53500000
2715	19	53500000	54500000
2716	19	54500000	55500000
2717	19	55500000	56500000
2718	19	56500000	57500000
2719	19	57500000	58500000
2720	19	58500000	59500000
2721	19	59500000	60500000
2722	19	60500000	61500000
2723	19	61500000	62500000
2724	19	62500000	63500000
2725	19	63500000	63811651
2726	20	0	1e+05
2727	20	1e+05	1100000
2728	20	1100000	2100000
2729	20	2100000	3100000
2730	20	3100000	4100000
2731	20	4100000	5100000
2732	20	5100000	6100000
2733	20	6100000	7100000
2734	20	7100000	8100000
2735	20	8100000	9100000
2736	20	9100000	10100000
2737	20	10100000	11100000
2738	20	11100000	12100000
2739	20	12100000	13100000
2740	20	13100000	14100000
2741	20	14100000	15100000
2742	20	15100000	16100000
2743	20	16100000	17100000
2744	20	17100000	18100000
2745	20	18100000	19100000
2746	20	19100000	20100000
2747	20	20100000	21100000
2748	20	21100000	22100000
2749	20	22100000	23100000
2750	20	23100000	24100000
2751	20	24100000	25100000
2752	20	25100000	26100000
2753	20	26100000	27100000
2754	20	27100000	28100000
2755	20	28100000	29100000
2756	20	29100000	30100000
2757	20	30100000	31100000
2758	20	31100000	32100000
2759	20	32100000	33100000
2760	20	33100000	34100000
2761	20	34100000	35100000
2762	20	35100000	36100000
2763	20	36100000	37100000
2764	20	37100000	38100000
2765	20	38100000	39100000
2766	20	39100000	40100000
2767	20	40100000	41100000
2768	20	41100000	42100000
2769	20	42100000	43100000
2770	20	43100000	44100000
2771	20	44100000	45100000
2772	20	45100000	46100000
2773	20	46100000	47100000
2774	20	47100000	48100000
2775	20	48100000	49100000
2776	20	49100000	50100000
2777	20	50100000	51100000
2778	20	51100000	52100000
2779	20	52100000	53100000
2780	20	53100000	54100000
2781	20	54100000	55100000
2782	20	55100000	56100000
2783	20	56100000	57100000
2784	20	57100000	58100000
2785	20	58100000	59100000
2786	20	59100000	60100000
2787	20	60100000	61100000
2788	20	61100000	62100000
2789	20	62100000	62435964
2790	21	0	3e+05
2791	21	3e+05	1300000
2792	21	1300000	2300000
2793	21	2300000	3300000
2794	21	3300000	4300000
2795	21	4300000	5300000
2796	21	5300000	6300000
2797	21	6300000	7300000
2798	21	7300000	8300000
2799	21	8300000	9300000
2800	21	9300000	10300000
2801	21	10300000	11300000
2802	21	11300000	12300000
2803	21	12300000	13300000
2804	21	13300000	14300000
2805	21	14300000	15300000
2806	21	15300000	16300000
2807	21	16300000	17300000
2808	21	17300000	18300000
2809	21	18300000	19300000
2810	21	19300000	20300000
2811	21	20300000	21300000
2812	21	21300000	22300000
2813	21	22300000	23300000
2814	21	23300000	24300000
2815	21	24300000	25300000
2816	21	25300000	26300000
2817	21	26300000	27300000
2818	21	27300000	28300000
2819	21	28300000	29300000
2820	21	29300000	30300000
2821	21	30300000	31300000
2822	21	31300000	32300000
2823	21	32300000	33300000
2824	21	33300000	34300000
2825	21	34300000	35300000
2826	21	35300000	36300000
2827	21	36300000	37300000
2828	21	37300000	38300000
2829	21	38300000	39300000
2830	21	39300000	40300000
2831	21	40300000	41300000
2832	21	41300000	42300000
2833	21	42300000	43300000
2834	21	43300000	44300000
2835	21	44300000	45300000
2836	21	45300000	46300000
2837	21	46300000	46944323
2838	22	0	8e+05
2839	22	8e+05	1800000
2840	22	1800000	2800000
2841	22	2800000	3800000
2842	22	3800000	4800000
2843	22	4800000	5800000
2844	22	5800000	6800000
2845	22	6800000	7800000
2846	22	7800000	8800000
2847	22	8800000	9800000
2848	22	9800000	10800000
2849	22	10800000	11800000
2850	22	11800000	12800000
2851	22	12800000	13800000
2852	22	13800000	14800000
2853	22	14800000	15800000
2854	22	15800000	16800000
2855	22	16800000	17800000
2856	22	17800000	18800000
2857	22	18800000	19800000
2858	22	19800000	20800000
2859	22	20800000	21800000
2860	22	21800000	22800000
2861	22	22800000	23800000
2862	22	23800000	24800000
2863	22	24800000	25800000
2864	22	25800000	26800000
2865	22	26800000	27800000
2866	22	27800000	28800000
2867	22	28800000	29800000
2868	22	29800000	30800000
2869	22	30800000	31800000
2870	22	31800000	32800000
2871	22	32800000	33800000
2872	22	33800000	34800000
2873	22	34800000	35800000
2874	22	35800000	36800000
2875	22	36800000	37800000
2876	22	37800000	38800000
2877	22	38800000	39800000
2878	22	39800000	40800000
2879	22	40800000	41800000
2880	22	41800000	42800000
2881	22	42800000	43800000
2882	22	43800000	44800000
2883	22	44800000	45800000
2884	22	45800000	46800000
2885	22	46800000	47800000
2886	22	47800000	48800000
2887	22	48800000	49691432
2888	X	0	5e+05
2889	X	5e+05	1500000
2890	X	1500000	2500000
2891	X	2500000	3500000
2892	X	3500000	4500000
2893	X	4500000	5500000
2894	X	5500000	6500000
2895	X	6500000	7500000
2896	X	7500000	8500000
2897	X	8500000	9500000
2898	X	9500000	10500000
2899	X	10500000	11500000
2900	X	11500000	12500000
2901	X	12500000	13500000
2902	X	13500000	14500000
2903	X	14500000	15500000
2904	X	15500000	16500000
2905	X	16500000	17500000
2906	X	17500000	18500000
2907	X	18500000	19500000
2908	X	19500000	20500000
2909	X	20500000	21500000
2910	X	21500000	22500000
2911	X	22500000	23500000
2912	X	23500000	24500000
2913	X	24500000	25500000
2914	X	25500000	26500000
2915	X	26500000	27500000
2916	X	27500000	28500000
2917	X	28500000	29500000
2918	X	29500000	30500000
2919	X	30500000	31500000
2920	X	31500000	32500000
2921	X	32500000	33500000
2922	X	33500000	34500000
2923	X	34500000	35500000
2924	X	35500000	36500000
2925	X	36500000	37500000
2926	X	37500000	38500000
2927	X	38500000	39500000
2928	X	39500000	40500000
2929	X	40500000	41500000
2930	X	41500000	42500000
2931	X	42500000	43500000
2932	X	43500000	44500000
2933	X	44500000	45500000
2934	X	45500000	46500000
2935	X	46500000	47500000
2936	X	47500000	48500000
2937	X	48500000	49500000
2938	X	49500000	50500000
2939	X	50500000	51500000
2940	X	51500000	52500000
2941	X	52500000	53500000
2942	X	53500000	54500000
2943	X	54500000	55500000
2944	X	55500000	56500000
2945	X	56500000	57500000
2946	X	57500000	58500000
2947	X	58500000	59500000
2948	X	59500000	60500000
2949	X	60500000	61500000
2950	X	61500000	62500000
2951	X	62500000	63500000
2952	X	63500000	64500000
2953	X	64500000	65500000
2954	X	65500000	66500000
2955	X	66500000	67500000
2956	X	67500000	68500000
2957	X	68500000	69500000
2958	X	69500000	70500000
2959	X	70500000	71500000
2960	X	71500000	72500000
2961	X	72500000	73500000
2962	X	73500000	74500000
2963	X	74500000	75500000
2964	X	75500000	76500000
2965	X	76500000	77500000
2966	X	77500000	78500000
2967	X	78500000	79500000
2968	X	79500000	80500000
2969	X	80500000	81500000
2970	X	81500000	82500000
2971	X	82500000	83500000
2972	X	83500000	84500000
2973	X	84500000	85500000
2974	X	85500000	86500000
2975	X	86500000	87500000
2976	X	87500000	88500000
2977	X	88500000	89500000
2978	X	89500000	90500000
2979	X	90500000	91500000
2980	X	91500000	92500000
2981	X	92500000	93500000
2982	X	93500000	94500000
2983	X	94500000	95500000
2984	X	95500000	96500000
2985	X	96500000	97500000
2986	X	97500000	98500000
2987	X	98500000	99500000
2988	X	99500000	100500000
2989	X	100500000	101500000
2990	X	101500000	102500000
2991	X	102500000	103500000
2992	X	103500000	104500000
2993	X	104500000	105500000
2994	X	105500000	106500000
2995	X	106500000	107500000
2996	X	107500000	108500000
2997	X	108500000	109500000
2998	X	109500000	110500000
2999	X	110500000	111500000
3000	X	111500000	112500000
3001	X	112500000	113500000
3002	X	113500000	114500000
3003	X	114500000	115500000
3004	X	115500000	116500000
3005	X	116500000	117500000
3006	X	117500000	118500000
3007	X	118500000	119500000
3008	X	119500000	120500000
3009	X	120500000	121500000
3010	X	121500000	122500000
3011	X	122500000	123500000
3012	X	123500000	124500000
3013	X	124500000	125500000
3014	X	125500000	126500000
3015	X	126500000	127500000
3016	X	127500000	128500000
3017	X	128500000	129500000
3018	X	129500000	130500000
3019	X	130500000	131500000
3020	X	131500000	132500000
3021	X	132500000	133500000
3022	X	133500000	134500000
3023	X	134500000	135500000
3024	X	135500000	136500000
3025	X	136500000	137500000
3026	X	137500000	138500000
3027	X	138500000	139500000
3028	X	139500000	140500000
3029	X	140500000	141500000
3030	X	141500000	142500000
3031	X	142500000	143500000
3032	X	143500000	144500000
3033	X	144500000	145500000
3034	X	145500000	146500000
3035	X	146500000	147500000
3036	X	147500000	148500000
3037	X	148500000	149500000
3038	X	149500000	150500000
3039	X	150500000	151500000
3040	X	151500000	152500000
3041	X	152500000	153500000
3042	X	153500000	154500000
3043	X	154500000	154913754
3044	Y	0	3e+05
3045	Y	3e+05	1300000
3046	Y	1300000	2300000
3047	Y	2300000	3300000
3048	Y	3300000	4300000
3049	Y	4300000	5300000
3050	Y	5300000	6300000
3051	Y	6300000	7300000
3052	Y	7300000	8300000
3053	Y	8300000	9300000
3054	Y	9300000	10300000
3055	Y	10300000	11300000
3056	Y	11300000	12300000
3057	Y	12300000	13300000
3058	Y	13300000	14300000
3059	Y	14300000	15300000
3060	Y	15300000	16300000
3061	Y	16300000	17300000
3062	Y	17300000	18300000
3063	Y	18300000	19300000
3064	Y	19300000	20300000
3065	Y	20300000	21300000
3066	Y	21300000	22300000
3067	Y	22300000	23300000
3068	Y	23300000	24300000
3069	Y	24300000	25300000
3070	Y	25300000	26300000
3071	Y	26300000	27300000
3072	Y	27300000	28300000
3073	Y	28300000	29300000
3074	Y	29300000	30300000
3075	Y	30300000	31300000
3076	Y	31300000	32300000
3077	Y	32300000	33300000
3078	Y	33300000	34300000
3079	Y	34300000	35300000
3080	Y	35300000	36300000
3081	Y	36300000	37300000
3082	Y	37300000	38300000
3083	Y	38300000	39300000
3084	Y	39300000	40300000
3085	Y	40300000	41300000
3086	Y	41300000	42300000
3087	Y	42300000	43300000
3088	Y	43300000	44300000
3089	Y	44300000	45300000
3090	Y	45300000	46300000
3091	Y	46300000	47300000
3092	Y	47300000	48300000
3093	Y	48300000	49300000
3094	Y	49300000	50300000
3095	Y	50300000	51300000
3096	Y	51300000	52300000
3097	Y	52300000	53300000
3098	Y	53300000	54300000
3099	Y	54300000	55300000
3100	Y	55300000	56300000
3101	Y	56300000	57300000
3102	Y	57300000	57772954
