index	chromosome	start	end
1	1	0	1e+06
2	1	1e+06	2e+06
3	1	2e+06	3e+06
4	1	3e+06	4e+06
5	1	4e+06	5e+06
6	1	5e+06	6e+06
7	1	6e+06	7e+06
8	1	7e+06	8e+06
9	1	8e+06	9e+06
10	1	9e+06	1e+07
11	1	1e+07	1.1e+07
12	1	1.1e+07	1.2e+07
13	1	1.2e+07	1.3e+07
14	1	1.3e+07	1.4e+07
15	1	1.4e+07	1.5e+07
16	1	1.5e+07	1.6e+07
17	1	1.6e+07	1.7e+07
18	1	1.7e+07	1.8e+07
19	1	1.8e+07	1.9e+07
20	1	1.9e+07	2e+07
21	1	2e+07	2.1e+07
22	1	2.1e+07	2.2e+07
23	1	2.2e+07	2.3e+07
24	1	2.3e+07	2.4e+07
25	1	2.4e+07	2.5e+07
26	1	2.5e+07	2.6e+07
27	1	2.6e+07	2.7e+07
28	1	2.7e+07	2.8e+07
29	1	2.8e+07	2.9e+07
30	1	2.9e+07	3e+07
31	1	3e+07	3.1e+07
32	1	3.1e+07	3.2e+07
33	1	3.2e+07	3.3e+07
34	1	3.3e+07	3.4e+07
35	1	3.4e+07	3.5e+07
36	1	3.5e+07	3.6e+07
37	1	3.6e+07	3.7e+07
38	1	3.7e+07	3.8e+07
39	1	3.8e+07	3.9e+07
40	1	3.9e+07	4e+07
41	1	4e+07	4.1e+07
42	1	4.1e+07	4.2e+07
43	1	4.2e+07	4.3e+07
44	1	4.3e+07	4.4e+07
45	1	4.4e+07	4.5e+07
46	1	4.5e+07	4.6e+07
47	1	4.6e+07	4.7e+07
48	1	4.7e+07	4.8e+07
49	1	4.8e+07	4.9e+07
50	1	4.9e+07	5e+07
51	1	5e+07	5.1e+07
52	1	5.1e+07	5.2e+07
53	1	5.2e+07	5.3e+07
54	1	5.3e+07	5.4e+07
55	1	5.4e+07	5.5e+07
56	1	5.5e+07	5.6e+07
57	1	5.6e+07	5.7e+07
58	1	5.7e+07	5.8e+07
59	1	5.8e+07	5.9e+07
60	1	5.9e+07	6e+07
61	1	6e+07	6.1e+07
62	1	6.1e+07	6.2e+07
63	1	6.2e+07	6.3e+07
64	1	6.3e+07	6.4e+07
65	1	6.4e+07	6.5e+07
66	1	6.5e+07	6.6e+07
67	1	6.6e+07	6.7e+07
68	1	6.7e+07	6.8e+07
69	1	6.8e+07	6.9e+07
70	1	6.9e+07	7e+07
71	1	7e+07	7.1e+07
72	1	7.1e+07	7.2e+07
73	1	7.2e+07	7.3e+07
74	1	7.3e+07	7.4e+07
75	1	7.4e+07	7.5e+07
76	1	7.5e+07	7.6e+07
77	1	7.6e+07	7.7e+07
78	1	7.7e+07	7.8e+07
79	1	7.8e+07	7.9e+07
80	1	7.9e+07	8e+07
81	1	8e+07	8.1e+07
82	1	8.1e+07	8.2e+07
83	1	8.2e+07	8.3e+07
84	1	8.3e+07	8.4e+07
85	1	8.4e+07	8.5e+07
86	1	8.5e+07	8.6e+07
87	1	8.6e+07	8.7e+07
88	1	8.7e+07	8.8e+07
89	1	8.8e+07	8.9e+07
90	1	8.9e+07	9e+07
91	1	9e+07	9.1e+07
92	1	9.1e+07	9.2e+07
93	1	9.2e+07	9.3e+07
94	1	9.3e+07	9.4e+07
95	1	9.4e+07	9.5e+07
96	1	9.5e+07	9.6e+07
97	1	9.6e+07	9.7e+07
98	1	9.7e+07	9.8e+07
99	1	9.8e+07	9.9e+07
100	1	9.9e+07	1e+08
101	1	1e+08	1.01e+08
102	1	1.01e+08	1.02e+08
103	1	1.02e+08	1.03e+08
104	1	1.03e+08	1.04e+08
105	1	1.04e+08	1.05e+08
106	1	1.05e+08	1.06e+08
107	1	1.06e+08	1.07e+08
108	1	1.07e+08	1.08e+08
109	1	1.08e+08	1.09e+08
110	1	1.09e+08	1.1e+08
111	1	1.1e+08	1.11e+08
112	1	1.11e+08	1.12e+08
113	1	1.12e+08	1.13e+08
114	1	1.13e+08	1.14e+08
115	1	1.14e+08	1.15e+08
116	1	1.15e+08	1.16e+08
117	1	1.16e+08	1.17e+08
118	1	1.17e+08	1.18e+08
119	1	1.18e+08	1.19e+08
120	1	1.19e+08	1.2e+08
121	1	1.2e+08	1.21e+08
122	1	1.21e+08	1.22e+08
123	1	1.22e+08	1.23e+08
124	1	1.23e+08	1.24e+08
125	1	1.24e+08	1.25e+08
126	1	1.25e+08	1.26e+08
127	1	1.26e+08	1.27e+08
128	1	1.27e+08	1.28e+08
129	1	1.28e+08	1.29e+08
130	1	1.29e+08	1.3e+08
131	1	1.3e+08	1.31e+08
132	1	1.31e+08	1.32e+08
133	1	1.32e+08	1.33e+08
134	1	1.33e+08	1.34e+08
135	1	1.34e+08	1.35e+08
136	1	1.35e+08	1.36e+08
137	1	1.36e+08	1.37e+08
138	1	1.37e+08	1.38e+08
139	1	1.38e+08	1.39e+08
140	1	1.39e+08	1.4e+08
141	1	1.4e+08	1.41e+08
142	1	1.41e+08	1.42e+08
143	1	1.42e+08	1.43e+08
144	1	1.43e+08	1.44e+08
145	1	1.44e+08	1.45e+08
146	1	1.45e+08	1.46e+08
147	1	1.46e+08	1.47e+08
148	1	1.47e+08	1.48e+08
149	1	1.48e+08	1.49e+08
150	1	1.49e+08	1.5e+08
151	1	1.5e+08	1.51e+08
152	1	1.51e+08	1.52e+08
153	1	1.52e+08	1.53e+08
154	1	1.53e+08	1.54e+08
155	1	1.54e+08	1.55e+08
156	1	1.55e+08	1.56e+08
157	1	1.56e+08	1.57e+08
158	1	1.57e+08	1.58e+08
159	1	1.58e+08	1.59e+08
160	1	1.59e+08	1.6e+08
161	1	1.6e+08	1.61e+08
162	1	1.61e+08	1.62e+08
163	1	1.62e+08	1.63e+08
164	1	1.63e+08	1.64e+08
165	1	1.64e+08	1.65e+08
166	1	1.65e+08	1.66e+08
167	1	1.66e+08	1.67e+08
168	1	1.67e+08	1.68e+08
169	1	1.68e+08	1.69e+08
170	1	1.69e+08	1.7e+08
171	1	1.7e+08	1.71e+08
172	1	1.71e+08	1.72e+08
173	1	1.72e+08	1.73e+08
174	1	1.73e+08	1.74e+08
175	1	1.74e+08	1.75e+08
176	1	1.75e+08	1.76e+08
177	1	1.76e+08	1.77e+08
178	1	1.77e+08	1.78e+08
179	1	1.78e+08	1.79e+08
180	1	1.79e+08	1.8e+08
181	1	1.8e+08	1.81e+08
182	1	1.81e+08	1.82e+08
183	1	1.82e+08	1.83e+08
184	1	1.83e+08	1.84e+08
185	1	1.84e+08	1.85e+08
186	1	1.85e+08	1.86e+08
187	1	1.86e+08	1.87e+08
188	1	1.87e+08	1.88e+08
189	1	1.88e+08	1.89e+08
190	1	1.89e+08	1.9e+08
191	1	1.9e+08	1.91e+08
192	1	1.91e+08	1.92e+08
193	1	1.92e+08	1.93e+08
194	1	1.93e+08	1.94e+08
195	1	1.94e+08	1.95e+08
196	1	1.95e+08	1.96e+08
197	1	1.96e+08	1.97e+08
198	1	1.97e+08	1.98e+08
199	1	1.98e+08	1.99e+08
200	1	1.99e+08	2e+08
201	1	2e+08	2.01e+08
202	1	2.01e+08	2.02e+08
203	1	2.02e+08	2.03e+08
204	1	2.03e+08	2.04e+08
205	1	2.04e+08	2.05e+08
206	1	2.05e+08	2.06e+08
207	1	2.06e+08	2.07e+08
208	1	2.07e+08	2.08e+08
209	1	2.08e+08	2.09e+08
210	1	2.09e+08	2.1e+08
211	1	2.1e+08	2.11e+08
212	1	2.11e+08	2.12e+08
213	1	2.12e+08	2.13e+08
214	1	2.13e+08	2.14e+08
215	1	2.14e+08	2.15e+08
216	1	2.15e+08	2.16e+08
217	1	2.16e+08	2.17e+08
218	1	2.17e+08	2.18e+08
219	1	2.18e+08	2.19e+08
220	1	2.19e+08	2.2e+08
221	1	2.2e+08	2.21e+08
222	1	2.21e+08	2.22e+08
223	1	2.22e+08	2.23e+08
224	1	2.23e+08	2.24e+08
225	1	2.24e+08	2.25e+08
226	1	2.25e+08	2.26e+08
227	1	2.26e+08	2.27e+08
228	1	2.27e+08	2.28e+08
229	1	2.28e+08	2.29e+08
230	1	2.29e+08	2.3e+08
231	1	2.3e+08	2.31e+08
232	1	2.31e+08	2.32e+08
233	1	2.32e+08	2.33e+08
234	1	2.33e+08	2.34e+08
235	1	2.34e+08	2.35e+08
236	1	2.35e+08	2.36e+08
237	1	2.36e+08	2.37e+08
238	1	2.37e+08	2.38e+08
239	1	2.38e+08	2.39e+08
240	1	2.39e+08	2.4e+08
241	1	2.4e+08	2.41e+08
242	1	2.41e+08	2.42e+08
243	1	2.42e+08	2.43e+08
244	1	2.43e+08	2.44e+08
245	1	2.44e+08	2.45e+08
246	1	2.45e+08	2.46e+08
247	1	2.46e+08	2.47e+08
248	1	2.47e+08	2.48e+08
249	1	2.48e+08	2.49e+08
250	1	2.49e+08	249250621
251	2	0	3e+05
252	2	3e+05	1300000
253	2	1300000	2300000
254	2	2300000	3300000
255	2	3300000	4300000
256	2	4300000	5300000
257	2	5300000	6300000
258	2	6300000	7300000
259	2	7300000	8300000
260	2	8300000	9300000
261	2	9300000	10300000
262	2	10300000	11300000
263	2	11300000	12300000
264	2	12300000	13300000
265	2	13300000	14300000
266	2	14300000	15300000
267	2	15300000	16300000
268	2	16300000	17300000
269	2	17300000	18300000
270	2	18300000	19300000
271	2	19300000	20300000
272	2	20300000	21300000
273	2	21300000	22300000
274	2	22300000	23300000
275	2	23300000	24300000
276	2	24300000	25300000
277	2	25300000	26300000
278	2	26300000	27300000
279	2	27300000	28300000
280	2	28300000	29300000
281	2	29300000	30300000
282	2	30300000	31300000
283	2	31300000	32300000
284	2	32300000	33300000
285	2	33300000	34300000
286	2	34300000	35300000
287	2	35300000	36300000
288	2	36300000	37300000
289	2	37300000	38300000
290	2	38300000	39300000
291	2	39300000	40300000
292	2	40300000	41300000
293	2	41300000	42300000
294	2	42300000	43300000
295	2	43300000	44300000
296	2	44300000	45300000
297	2	45300000	46300000
298	2	46300000	47300000
299	2	47300000	48300000
300	2	48300000	49300000
301	2	49300000	50300000
302	2	50300000	51300000
303	2	51300000	52300000
304	2	52300000	53300000
305	2	53300000	54300000
306	2	54300000	55300000
307	2	55300000	56300000
308	2	56300000	57300000
309	2	57300000	58300000
310	2	58300000	59300000
311	2	59300000	60300000
312	2	60300000	61300000
313	2	61300000	62300000
314	2	62300000	63300000
315	2	63300000	64300000
316	2	64300000	65300000
317	2	65300000	66300000
318	2	66300000	67300000
319	2	67300000	68300000
320	2	68300000	69300000
321	2	69300000	70300000
322	2	70300000	71300000
323	2	71300000	72300000
324	2	72300000	73300000
325	2	73300000	74300000
326	2	74300000	75300000
327	2	75300000	76300000
328	2	76300000	77300000
329	2	77300000	78300000
330	2	78300000	79300000
331	2	79300000	80300000
332	2	80300000	81300000
333	2	81300000	82300000
334	2	82300000	83300000
335	2	83300000	84300000
336	2	84300000	85300000
337	2	85300000	86300000
338	2	86300000	87300000
339	2	87300000	88300000
340	2	88300000	89300000
341	2	89300000	90300000
342	2	90300000	91300000
343	2	91300000	92300000
344	2	92300000	93300000
345	2	93300000	94300000
346	2	94300000	95300000
347	2	95300000	96300000
348	2	96300000	97300000
349	2	97300000	98300000
350	2	98300000	99300000
351	2	99300000	100300000
352	2	100300000	101300000
353	2	101300000	102300000
354	2	102300000	103300000
355	2	103300000	104300000
356	2	104300000	105300000
357	2	105300000	106300000
358	2	106300000	107300000
359	2	107300000	108300000
360	2	108300000	109300000
361	2	109300000	110300000
362	2	110300000	111300000
363	2	111300000	112300000
364	2	112300000	113300000
365	2	113300000	114300000
366	2	114300000	115300000
367	2	115300000	116300000
368	2	116300000	117300000
369	2	117300000	118300000
370	2	118300000	119300000
371	2	119300000	120300000
372	2	120300000	121300000
373	2	121300000	122300000
374	2	122300000	123300000
375	2	123300000	124300000
376	2	124300000	125300000
377	2	125300000	126300000
378	2	126300000	127300000
379	2	127300000	128300000
380	2	128300000	129300000
381	2	129300000	130300000
382	2	130300000	131300000
383	2	131300000	132300000
384	2	132300000	133300000
385	2	133300000	134300000
386	2	134300000	135300000
387	2	135300000	136300000
388	2	136300000	137300000
389	2	137300000	138300000
390	2	138300000	139300000
391	2	139300000	140300000
392	2	140300000	141300000
393	2	141300000	142300000
394	2	142300000	143300000
395	2	143300000	144300000
396	2	144300000	145300000
397	2	145300000	146300000
398	2	146300000	147300000
399	2	147300000	148300000
400	2	148300000	149300000
401	2	149300000	150300000
402	2	150300000	151300000
403	2	151300000	152300000
404	2	152300000	153300000
405	2	153300000	154300000
406	2	154300000	155300000
407	2	155300000	156300000
408	2	156300000	157300000
409	2	157300000	158300000
410	2	158300000	159300000
411	2	159300000	160300000
412	2	160300000	161300000
413	2	161300000	162300000
414	2	162300000	163300000
415	2	163300000	164300000
416	2	164300000	165300000
417	2	165300000	166300000
418	2	166300000	167300000
419	2	167300000	168300000
420	2	168300000	169300000
421	2	169300000	170300000
422	2	170300000	171300000
423	2	171300000	172300000
424	2	172300000	173300000
425	2	173300000	174300000
426	2	174300000	175300000
427	2	175300000	176300000
428	2	176300000	177300000
429	2	177300000	178300000
430	2	178300000	179300000
431	2	179300000	180300000
432	2	180300000	181300000
433	2	181300000	182300000
434	2	182300000	183300000
435	2	183300000	184300000
436	2	184300000	185300000
437	2	185300000	186300000
438	2	186300000	187300000
439	2	187300000	188300000
440	2	188300000	189300000
441	2	189300000	190300000
442	2	190300000	191300000
443	2	191300000	192300000
444	2	192300000	193300000
445	2	193300000	194300000
446	2	194300000	195300000
447	2	195300000	196300000
448	2	196300000	197300000
449	2	197300000	198300000
450	2	198300000	199300000
451	2	199300000	200300000
452	2	200300000	201300000
453	2	201300000	202300000
454	2	202300000	203300000
455	2	203300000	204300000
456	2	204300000	205300000
457	2	205300000	206300000
458	2	206300000	207300000
459	2	207300000	208300000
460	2	208300000	209300000
461	2	209300000	210300000
462	2	210300000	211300000
463	2	211300000	212300000
464	2	212300000	213300000
465	2	213300000	214300000
466	2	214300000	215300000
467	2	215300000	216300000
468	2	216300000	217300000
469	2	217300000	218300000
470	2	218300000	219300000
471	2	219300000	220300000
472	2	220300000	221300000
473	2	221300000	222300000
474	2	222300000	223300000
475	2	223300000	224300000
476	2	224300000	225300000
477	2	225300000	226300000
478	2	226300000	227300000
479	2	227300000	228300000
480	2	228300000	229300000
481	2	229300000	230300000
482	2	230300000	231300000
483	2	231300000	232300000
484	2	232300000	233300000
485	2	233300000	234300000
486	2	234300000	235300000
487	2	235300000	236300000
488	2	236300000	237300000
489	2	237300000	238300000
490	2	238300000	239300000
491	2	239300000	240300000
492	2	240300000	241300000
493	2	241300000	242300000
494	2	242300000	243199373
495	3	0	1e+06
496	3	1e+06	2e+06
497	3	2e+06	3e+06
498	3	3e+06	4e+06
499	3	4e+06	5e+06
500	3	5e+06	6e+06
501	3	6e+06	7e+06
502	3	7e+06	8e+06
503	3	8e+06	9e+06
504	3	9e+06	1e+07
505	3	1e+07	1.1e+07
506	3	1.1e+07	1.2e+07
507	3	1.2e+07	1.3e+07
508	3	1.3e+07	1.4e+07
509	3	1.4e+07	1.5e+07
510	3	1.5e+07	1.6e+07
511	3	1.6e+07	1.7e+07
512	3	1.7e+07	1.8e+07
513	3	1.8e+07	1.9e+07
514	3	1.9e+07	2e+07
515	3	2e+07	2.1e+07
516	3	2.1e+07	2.2e+07
517	3	2.2e+07	2.3e+07
518	3	2.3e+07	2.4e+07
519	3	2.4e+07	2.5e+07
520	3	2.5e+07	2.6e+07
521	3	2.6e+07	2.7e+07
522	3	2.7e+07	2.8e+07
523	3	2.8e+07	2.9e+07
524	3	2.9e+07	3e+07
525	3	3e+07	3.1e+07
526	3	3.1e+07	3.2e+07
527	3	3.2e+07	3.3e+07
528	3	3.3e+07	3.4e+07
529	3	3.4e+07	3.5e+07
530	3	3.5e+07	3.6e+07
531	3	3.6e+07	3.7e+07
532	3	3.7e+07	3.8e+07
533	3	3.8e+07	3.9e+07
534	3	3.9e+07	4e+07
535	3	4e+07	4.1e+07
536	3	4.1e+07	4.2e+07
537	3	4.2e+07	4.3e+07
538	3	4.3e+07	4.4e+07
539	3	4.4e+07	4.5e+07
540	3	4.5e+07	4.6e+07
541	3	4.6e+07	4.7e+07
542	3	4.7e+07	4.8e+07
543	3	4.8e+07	4.9e+07
544	3	4.9e+07	5e+07
545	3	5e+07	5.1e+07
546	3	5.1e+07	5.2e+07
547	3	5.2e+07	5.3e+07
548	3	5.3e+07	5.4e+07
549	3	5.4e+07	5.5e+07
550	3	5.5e+07	5.6e+07
551	3	5.6e+07	5.7e+07
552	3	5.7e+07	5.8e+07
553	3	5.8e+07	5.9e+07
554	3	5.9e+07	6e+07
555	3	6e+07	6.1e+07
556	3	6.1e+07	6.2e+07
557	3	6.2e+07	6.3e+07
558	3	6.3e+07	6.4e+07
559	3	6.4e+07	6.5e+07
560	3	6.5e+07	6.6e+07
561	3	6.6e+07	6.7e+07
562	3	6.7e+07	6.8e+07
563	3	6.8e+07	6.9e+07
564	3	6.9e+07	7e+07
565	3	7e+07	7.1e+07
566	3	7.1e+07	7.2e+07
567	3	7.2e+07	7.3e+07
568	3	7.3e+07	7.4e+07
569	3	7.4e+07	7.5e+07
570	3	7.5e+07	7.6e+07
571	3	7.6e+07	7.7e+07
572	3	7.7e+07	7.8e+07
573	3	7.8e+07	7.9e+07
574	3	7.9e+07	8e+07
575	3	8e+07	8.1e+07
576	3	8.1e+07	8.2e+07
577	3	8.2e+07	8.3e+07
578	3	8.3e+07	8.4e+07
579	3	8.4e+07	8.5e+07
580	3	8.5e+07	8.6e+07
581	3	8.6e+07	8.7e+07
582	3	8.7e+07	8.8e+07
583	3	8.8e+07	8.9e+07
584	3	8.9e+07	9e+07
585	3	9e+07	9.1e+07
586	3	9.1e+07	9.2e+07
587	3	9.2e+07	9.3e+07
588	3	9.3e+07	9.4e+07
589	3	9.4e+07	9.5e+07
590	3	9.5e+07	9.6e+07
591	3	9.6e+07	9.7e+07
592	3	9.7e+07	9.8e+07
593	3	9.8e+07	9.9e+07
594	3	9.9e+07	1e+08
595	3	1e+08	1.01e+08
596	3	1.01e+08	1.02e+08
597	3	1.02e+08	1.03e+08
598	3	1.03e+08	1.04e+08
599	3	1.04e+08	1.05e+08
600	3	1.05e+08	1.06e+08
601	3	1.06e+08	1.07e+08
602	3	1.07e+08	1.08e+08
603	3	1.08e+08	1.09e+08
604	3	1.09e+08	1.1e+08
605	3	1.1e+08	1.11e+08
606	3	1.11e+08	1.12e+08
607	3	1.12e+08	1.13e+08
608	3	1.13e+08	1.14e+08
609	3	1.14e+08	1.15e+08
610	3	1.15e+08	1.16e+08
611	3	1.16e+08	1.17e+08
612	3	1.17e+08	1.18e+08
613	3	1.18e+08	1.19e+08
614	3	1.19e+08	1.2e+08
615	3	1.2e+08	1.21e+08
616	3	1.21e+08	1.22e+08
617	3	1.22e+08	1.23e+08
618	3	1.23e+08	1.24e+08
619	3	1.24e+08	1.25e+08
620	3	1.25e+08	1.26e+08
621	3	1.26e+08	1.27e+08
622	3	1.27e+08	1.28e+08
623	3	1.28e+08	1.29e+08
624	3	1.29e+08	1.3e+08
625	3	1.3e+08	1.31e+08
626	3	1.31e+08	1.32e+08
627	3	1.32e+08	1.33e+08
628	3	1.33e+08	1.34e+08
629	3	1.34e+08	1.35e+08
630	3	1.35e+08	1.36e+08
631	3	1.36e+08	1.37e+08
632	3	1.37e+08	1.38e+08
633	3	1.38e+08	1.39e+08
634	3	1.39e+08	1.4e+08
635	3	1.4e+08	1.41e+08
636	3	1.41e+08	1.42e+08
637	3	1.42e+08	1.43e+08
638	3	1.43e+08	1.44e+08
639	3	1.44e+08	1.45e+08
640	3	1.45e+08	1.46e+08
641	3	1.46e+08	1.47e+08
642	3	1.47e+08	1.48e+08
643	3	1.48e+08	1.49e+08
644	3	1.49e+08	1.5e+08
645	3	1.5e+08	1.51e+08
646	3	1.51e+08	1.52e+08
647	3	1.52e+08	1.53e+08
648	3	1.53e+08	1.54e+08
649	3	1.54e+08	1.55e+08
650	3	1.55e+08	1.56e+08
651	3	1.56e+08	1.57e+08
652	3	1.57e+08	1.58e+08
653	3	1.58e+08	1.59e+08
654	3	1.59e+08	1.6e+08
655	3	1.6e+08	1.61e+08
656	3	1.61e+08	1.62e+08
657	3	1.62e+08	1.63e+08
658	3	1.63e+08	1.64e+08
659	3	1.64e+08	1.65e+08
660	3	1.65e+08	1.66e+08
661	3	1.66e+08	1.67e+08
662	3	1.67e+08	1.68e+08
663	3	1.68e+08	1.69e+08
664	3	1.69e+08	1.7e+08
665	3	1.7e+08	1.71e+08
666	3	1.71e+08	1.72e+08
667	3	1.72e+08	1.73e+08
668	3	1.73e+08	1.74e+08
669	3	1.74e+08	1.75e+08
670	3	1.75e+08	1.76e+08
671	3	1.76e+08	1.77e+08
672	3	1.77e+08	1.78e+08
673	3	1.78e+08	1.79e+08
674	3	1.79e+08	1.8e+08
675	3	1.8e+08	1.81e+08
676	3	1.81e+08	1.82e+08
677	3	1.82e+08	1.83e+08
678	3	1.83e+08	1.84e+08
679	3	1.84e+08	1.85e+08
680	3	1.85e+08	1.86e+08
681	3	1.86e+08	1.87e+08
682	3	1.87e+08	1.88e+08
683	3	1.88e+08	1.89e+08
684	3	1.89e+08	1.9e+08
685	3	1.9e+08	1.91e+08
686	3	1.91e+08	1.92e+08
687	3	1.92e+08	1.93e+08
688	3	1.93e+08	1.94e+08
689	3	1.94e+08	1.95e+08
690	3	1.95e+08	1.96e+08
691	3	1.96e+08	1.97e+08
692	3	1.97e+08	198022430
693	4	0	4e+05
694	4	4e+05	1400000
695	4	1400000	2400000
696	4	2400000	3400000
697	4	3400000	4400000
698	4	4400000	5400000
699	4	5400000	6400000
700	4	6400000	7400000
701	4	7400000	8400000
702	4	8400000	9400000
703	4	9400000	10400000
704	4	10400000	11400000
705	4	11400000	12400000
706	4	12400000	13400000
707	4	13400000	14400000
708	4	14400000	15400000
709	4	15400000	16400000
710	4	16400000	17400000
711	4	17400000	18400000
712	4	18400000	19400000
713	4	19400000	20400000
714	4	20400000	21400000
715	4	21400000	22400000
716	4	22400000	23400000
717	4	23400000	24400000
718	4	24400000	25400000
719	4	25400000	26400000
720	4	26400000	27400000
721	4	27400000	28400000
722	4	28400000	29400000
723	4	29400000	30400000
724	4	30400000	31400000
725	4	31400000	32400000
726	4	32400000	33400000
727	4	33400000	34400000
728	4	34400000	35400000
729	4	35400000	36400000
730	4	36400000	37400000
731	4	37400000	38400000
732	4	38400000	39400000
733	4	39400000	40400000
734	4	40400000	41400000
735	4	41400000	42400000
736	4	42400000	43400000
737	4	43400000	44400000
738	4	44400000	45400000
739	4	45400000	46400000
740	4	46400000	47400000
741	4	47400000	48400000
742	4	48400000	49400000
743	4	49400000	50400000
744	4	50400000	51400000
745	4	51400000	52400000
746	4	52400000	53400000
747	4	53400000	54400000
748	4	54400000	55400000
749	4	55400000	56400000
750	4	56400000	57400000
751	4	57400000	58400000
752	4	58400000	59400000
753	4	59400000	60400000
754	4	60400000	61400000
755	4	61400000	62400000
756	4	62400000	63400000
757	4	63400000	64400000
758	4	64400000	65400000
759	4	65400000	66400000
760	4	66400000	67400000
761	4	67400000	68400000
762	4	68400000	69400000
763	4	69400000	70400000
764	4	70400000	71400000
765	4	71400000	72400000
766	4	72400000	73400000
767	4	73400000	74400000
768	4	74400000	75400000
769	4	75400000	76400000
770	4	76400000	77400000
771	4	77400000	78400000
772	4	78400000	79400000
773	4	79400000	80400000
774	4	80400000	81400000
775	4	81400000	82400000
776	4	82400000	83400000
777	4	83400000	84400000
778	4	84400000	85400000
779	4	85400000	86400000
780	4	86400000	87400000
781	4	87400000	88400000
782	4	88400000	89400000
783	4	89400000	90400000
784	4	90400000	91400000
785	4	91400000	92400000
786	4	92400000	93400000
787	4	93400000	94400000
788	4	94400000	95400000
789	4	95400000	96400000
790	4	96400000	97400000
791	4	97400000	98400000
792	4	98400000	99400000
793	4	99400000	100400000
794	4	100400000	101400000
795	4	101400000	102400000
796	4	102400000	103400000
797	4	103400000	104400000
798	4	104400000	105400000
799	4	105400000	106400000
800	4	106400000	107400000
801	4	107400000	108400000
802	4	108400000	109400000
803	4	109400000	110400000
804	4	110400000	111400000
805	4	111400000	112400000
806	4	112400000	113400000
807	4	113400000	114400000
808	4	114400000	115400000
809	4	115400000	116400000
810	4	116400000	117400000
811	4	117400000	118400000
812	4	118400000	119400000
813	4	119400000	120400000
814	4	120400000	121400000
815	4	121400000	122400000
816	4	122400000	123400000
817	4	123400000	124400000
818	4	124400000	125400000
819	4	125400000	126400000
820	4	126400000	127400000
821	4	127400000	128400000
822	4	128400000	129400000
823	4	129400000	130400000
824	4	130400000	131400000
825	4	131400000	132400000
826	4	132400000	133400000
827	4	133400000	134400000
828	4	134400000	135400000
829	4	135400000	136400000
830	4	136400000	137400000
831	4	137400000	138400000
832	4	138400000	139400000
833	4	139400000	140400000
834	4	140400000	141400000
835	4	141400000	142400000
836	4	142400000	143400000
837	4	143400000	144400000
838	4	144400000	145400000
839	4	145400000	146400000
840	4	146400000	147400000
841	4	147400000	148400000
842	4	148400000	149400000
843	4	149400000	150400000
844	4	150400000	151400000
845	4	151400000	152400000
846	4	152400000	153400000
847	4	153400000	154400000
848	4	154400000	155400000
849	4	155400000	156400000
850	4	156400000	157400000
851	4	157400000	158400000
852	4	158400000	159400000
853	4	159400000	160400000
854	4	160400000	161400000
855	4	161400000	162400000
856	4	162400000	163400000
857	4	163400000	164400000
858	4	164400000	165400000
859	4	165400000	166400000
860	4	166400000	167400000
861	4	167400000	168400000
862	4	168400000	169400000
863	4	169400000	170400000
864	4	170400000	171400000
865	4	171400000	172400000
866	4	172400000	173400000
867	4	173400000	174400000
868	4	174400000	175400000
869	4	175400000	176400000
870	4	176400000	177400000
871	4	177400000	178400000
872	4	178400000	179400000
873	4	179400000	180400000
874	4	180400000	181400000
875	4	181400000	182400000
876	4	182400000	183400000
877	4	183400000	184400000
878	4	184400000	185400000
879	4	185400000	186400000
880	4	186400000	187400000
881	4	187400000	188400000
882	4	188400000	189400000
883	4	189400000	190400000
884	4	190400000	191154276
885	5	0	4e+05
886	5	4e+05	1400000
887	5	1400000	2400000
888	5	2400000	3400000
889	5	3400000	4400000
890	5	4400000	5400000
891	5	5400000	6400000
892	5	6400000	7400000
893	5	7400000	8400000
894	5	8400000	9400000
895	5	9400000	10400000
896	5	10400000	11400000
897	5	11400000	12400000
898	5	12400000	13400000
899	5	13400000	14400000
900	5	14400000	15400000
901	5	15400000	16400000
902	5	16400000	17400000
903	5	17400000	18400000
904	5	18400000	19400000
905	5	19400000	20400000
906	5	20400000	21400000
907	5	21400000	22400000
908	5	22400000	23400000
909	5	23400000	24400000
910	5	24400000	25400000
911	5	25400000	26400000
912	5	26400000	27400000
913	5	27400000	28400000
914	5	28400000	29400000
915	5	29400000	30400000
916	5	30400000	31400000
917	5	31400000	32400000
918	5	32400000	33400000
919	5	33400000	34400000
920	5	34400000	35400000
921	5	35400000	36400000
922	5	36400000	37400000
923	5	37400000	38400000
924	5	38400000	39400000
925	5	39400000	40400000
926	5	40400000	41400000
927	5	41400000	42400000
928	5	42400000	43400000
929	5	43400000	44400000
930	5	44400000	45400000
931	5	45400000	46400000
932	5	46400000	47400000
933	5	47400000	48400000
934	5	48400000	49400000
935	5	49400000	50400000
936	5	50400000	51400000
937	5	51400000	52400000
938	5	52400000	53400000
939	5	53400000	54400000
940	5	54400000	55400000
941	5	55400000	56400000
942	5	56400000	57400000
943	5	57400000	58400000
944	5	58400000	59400000
945	5	59400000	60400000
946	5	60400000	61400000
947	5	61400000	62400000
948	5	62400000	63400000
949	5	63400000	64400000
950	5	64400000	65400000
951	5	65400000	66400000
952	5	66400000	67400000
953	5	67400000	68400000
954	5	68400000	69400000
955	5	69400000	70400000
956	5	70400000	71400000
957	5	71400000	72400000
958	5	72400000	73400000
959	5	73400000	74400000
960	5	74400000	75400000
961	5	75400000	76400000
962	5	76400000	77400000
963	5	77400000	78400000
964	5	78400000	79400000
965	5	79400000	80400000
966	5	80400000	81400000
967	5	81400000	82400000
968	5	82400000	83400000
969	5	83400000	84400000
970	5	84400000	85400000
971	5	85400000	86400000
972	5	86400000	87400000
973	5	87400000	88400000
974	5	88400000	89400000
975	5	89400000	90400000
976	5	90400000	91400000
977	5	91400000	92400000
978	5	92400000	93400000
979	5	93400000	94400000
980	5	94400000	95400000
981	5	95400000	96400000
982	5	96400000	97400000
983	5	97400000	98400000
984	5	98400000	99400000
985	5	99400000	100400000
986	5	100400000	101400000
987	5	101400000	102400000
988	5	102400000	103400000
989	5	103400000	104400000
990	5	104400000	105400000
991	5	105400000	106400000
992	5	106400000	107400000
993	5	107400000	108400000
994	5	108400000	109400000
995	5	109400000	110400000
996	5	110400000	111400000
997	5	111400000	112400000
998	5	112400000	113400000
999	5	113400000	114400000
1000	5	114400000	115400000
1001	5	115400000	116400000
1002	5	116400000	117400000
1003	5	117400000	118400000
1004	5	118400000	119400000
1005	5	119400000	120400000
1006	5	120400000	121400000
1007	5	121400000	122400000
1008	5	122400000	123400000
1009	5	123400000	124400000
1010	5	124400000	125400000
1011	5	125400000	126400000
1012	5	126400000	127400000
1013	5	127400000	128400000
1014	5	128400000	129400000
1015	5	129400000	130400000
1016	5	130400000	131400000
1017	5	131400000	132400000
1018	5	132400000	133400000
1019	5	133400000	134400000
1020	5	134400000	135400000
1021	5	135400000	136400000
1022	5	136400000	137400000
1023	5	137400000	138400000
1024	5	138400000	139400000
1025	5	139400000	140400000
1026	5	140400000	141400000
1027	5	141400000	142400000
1028	5	142400000	143400000
1029	5	143400000	144400000
1030	5	144400000	145400000
1031	5	145400000	146400000
1032	5	146400000	147400000
1033	5	147400000	148400000
1034	5	148400000	149400000
1035	5	149400000	150400000
1036	5	150400000	151400000
1037	5	151400000	152400000
1038	5	152400000	153400000
1039	5	153400000	154400000
1040	5	154400000	155400000
1041	5	155400000	156400000
1042	5	156400000	157400000
1043	5	157400000	158400000
1044	5	158400000	159400000
1045	5	159400000	160400000
1046	5	160400000	161400000
1047	5	161400000	162400000
1048	5	162400000	163400000
1049	5	163400000	164400000
1050	5	164400000	165400000
1051	5	165400000	166400000
1052	5	166400000	167400000
1053	5	167400000	168400000
1054	5	168400000	169400000
1055	5	169400000	170400000
1056	5	170400000	171400000
1057	5	171400000	172400000
1058	5	172400000	173400000
1059	5	173400000	174400000
1060	5	174400000	175400000
1061	5	175400000	176400000
1062	5	176400000	177400000
1063	5	177400000	178400000
1064	5	178400000	179400000
1065	5	179400000	180400000
1066	5	180400000	180915260
1067	6	0	1e+06
1068	6	1e+06	2e+06
1069	6	2e+06	3e+06
1070	6	3e+06	4e+06
1071	6	4e+06	5e+06
1072	6	5e+06	6e+06
1073	6	6e+06	7e+06
1074	6	7e+06	8e+06
1075	6	8e+06	9e+06
1076	6	9e+06	1e+07
1077	6	1e+07	1.1e+07
1078	6	1.1e+07	1.2e+07
1079	6	1.2e+07	1.3e+07
1080	6	1.3e+07	1.4e+07
1081	6	1.4e+07	1.5e+07
1082	6	1.5e+07	1.6e+07
1083	6	1.6e+07	1.7e+07
1084	6	1.7e+07	1.8e+07
1085	6	1.8e+07	1.9e+07
1086	6	1.9e+07	2e+07
1087	6	2e+07	2.1e+07
1088	6	2.1e+07	2.2e+07
1089	6	2.2e+07	2.3e+07
1090	6	2.3e+07	2.4e+07
1091	6	2.4e+07	2.5e+07
1092	6	2.5e+07	2.6e+07
1093	6	2.6e+07	2.7e+07
1094	6	2.7e+07	2.8e+07
1095	6	2.8e+07	2.9e+07
1096	6	2.9e+07	3e+07
1097	6	3e+07	3.1e+07
1098	6	3.1e+07	3.2e+07
1099	6	3.2e+07	3.3e+07
1100	6	3.3e+07	3.4e+07
1101	6	3.4e+07	3.5e+07
1102	6	3.5e+07	3.6e+07
1103	6	3.6e+07	3.7e+07
1104	6	3.7e+07	3.8e+07
1105	6	3.8e+07	3.9e+07
1106	6	3.9e+07	4e+07
1107	6	4e+07	4.1e+07
1108	6	4.1e+07	4.2e+07
1109	6	4.2e+07	4.3e+07
1110	6	4.3e+07	4.4e+07
1111	6	4.4e+07	4.5e+07
1112	6	4.5e+07	4.6e+07
1113	6	4.6e+07	4.7e+07
1114	6	4.7e+07	4.8e+07
1115	6	4.8e+07	4.9e+07
1116	6	4.9e+07	5e+07
1117	6	5e+07	5.1e+07
1118	6	5.1e+07	5.2e+07
1119	6	5.2e+07	5.3e+07
1120	6	5.3e+07	5.4e+07
1121	6	5.4e+07	5.5e+07
1122	6	5.5e+07	5.6e+07
1123	6	5.6e+07	5.7e+07
1124	6	5.7e+07	5.8e+07
1125	6	5.8e+07	5.9e+07
1126	6	5.9e+07	6e+07
1127	6	6e+07	6.1e+07
1128	6	6.1e+07	6.2e+07
1129	6	6.2e+07	6.3e+07
1130	6	6.3e+07	6.4e+07
1131	6	6.4e+07	6.5e+07
1132	6	6.5e+07	6.6e+07
1133	6	6.6e+07	6.7e+07
1134	6	6.7e+07	6.8e+07
1135	6	6.8e+07	6.9e+07
1136	6	6.9e+07	7e+07
1137	6	7e+07	7.1e+07
1138	6	7.1e+07	7.2e+07
1139	6	7.2e+07	7.3e+07
1140	6	7.3e+07	7.4e+07
1141	6	7.4e+07	7.5e+07
1142	6	7.5e+07	7.6e+07
1143	6	7.6e+07	7.7e+07
1144	6	7.7e+07	7.8e+07
1145	6	7.8e+07	7.9e+07
1146	6	7.9e+07	8e+07
1147	6	8e+07	8.1e+07
1148	6	8.1e+07	8.2e+07
1149	6	8.2e+07	8.3e+07
1150	6	8.3e+07	8.4e+07
1151	6	8.4e+07	8.5e+07
1152	6	8.5e+07	8.6e+07
1153	6	8.6e+07	8.7e+07
1154	6	8.7e+07	8.8e+07
1155	6	8.8e+07	8.9e+07
1156	6	8.9e+07	9e+07
1157	6	9e+07	9.1e+07
1158	6	9.1e+07	9.2e+07
1159	6	9.2e+07	9.3e+07
1160	6	9.3e+07	9.4e+07
1161	6	9.4e+07	9.5e+07
1162	6	9.5e+07	9.6e+07
1163	6	9.6e+07	9.7e+07
1164	6	9.7e+07	9.8e+07
1165	6	9.8e+07	9.9e+07
1166	6	9.9e+07	1e+08
1167	6	1e+08	1.01e+08
1168	6	1.01e+08	1.02e+08
1169	6	1.02e+08	1.03e+08
1170	6	1.03e+08	1.04e+08
1171	6	1.04e+08	1.05e+08
1172	6	1.05e+08	1.06e+08
1173	6	1.06e+08	1.07e+08
1174	6	1.07e+08	1.08e+08
1175	6	1.08e+08	1.09e+08
1176	6	1.09e+08	1.1e+08
1177	6	1.1e+08	1.11e+08
1178	6	1.11e+08	1.12e+08
1179	6	1.12e+08	1.13e+08
1180	6	1.13e+08	1.14e+08
1181	6	1.14e+08	1.15e+08
1182	6	1.15e+08	1.16e+08
1183	6	1.16e+08	1.17e+08
1184	6	1.17e+08	1.18e+08
1185	6	1.18e+08	1.19e+08
1186	6	1.19e+08	1.2e+08
1187	6	1.2e+08	1.21e+08
1188	6	1.21e+08	1.22e+08
1189	6	1.22e+08	1.23e+08
1190	6	1.23e+08	1.24e+08
1191	6	1.24e+08	1.25e+08
1192	6	1.25e+08	1.26e+08
1193	6	1.26e+08	1.27e+08
1194	6	1.27e+08	1.28e+08
1195	6	1.28e+08	1.29e+08
1196	6	1.29e+08	1.3e+08
1197	6	1.3e+08	1.31e+08
1198	6	1.31e+08	1.32e+08
1199	6	1.32e+08	1.33e+08
1200	6	1.33e+08	1.34e+08
1201	6	1.34e+08	1.35e+08
1202	6	1.35e+08	1.36e+08
1203	6	1.36e+08	1.37e+08
1204	6	1.37e+08	1.38e+08
1205	6	1.38e+08	1.39e+08
1206	6	1.39e+08	1.4e+08
1207	6	1.4e+08	1.41e+08
1208	6	1.41e+08	1.42e+08
1209	6	1.42e+08	1.43e+08
1210	6	1.43e+08	1.44e+08
1211	6	1.44e+08	1.45e+08
1212	6	1.45e+08	1.46e+08
1213	6	1.46e+08	1.47e+08
1214	6	1.47e+08	1.48e+08
1215	6	1.48e+08	1.49e+08
1216	6	1.49e+08	1.5e+08
1217	6	1.5e+08	1.51e+08
1218	6	1.51e+08	1.52e+08
1219	6	1.52e+08	1.53e+08
1220	6	1.53e+08	1.54e+08
1221	6	1.54e+08	1.55e+08
1222	6	1.55e+08	1.56e+08
1223	6	1.56e+08	1.57e+08
1224	6	1.57e+08	1.58e+08
1225	6	1.58e+08	1.59e+08
1226	6	1.59e+08	1.6e+08
1227	6	1.6e+08	1.61e+08
1228	6	1.61e+08	1.62e+08
1229	6	1.62e+08	1.63e+08
1230	6	1.63e+08	1.64e+08
1231	6	1.64e+08	1.65e+08
1232	6	1.65e+08	1.66e+08
1233	6	1.66e+08	1.67e+08
1234	6	1.67e+08	1.68e+08
1235	6	1.68e+08	1.69e+08
1236	6	1.69e+08	1.7e+08
1237	6	1.7e+08	1.71e+08
1238	6	1.71e+08	171115067
1239	7	0	9e+05
1240	7	9e+05	1900000
1241	7	1900000	2900000
1242	7	2900000	3900000
1243	7	3900000	4900000
1244	7	4900000	5900000
1245	7	5900000	6900000
1246	7	6900000	7900000
1247	7	7900000	8900000
1248	7	8900000	9900000
1249	7	9900000	10900000
1250	7	10900000	11900000
1251	7	11900000	12900000
1252	7	12900000	13900000
1253	7	13900000	14900000
1254	7	14900000	15900000
1255	7	15900000	16900000
1256	7	16900000	17900000
1257	7	17900000	18900000
1258	7	18900000	19900000
1259	7	19900000	20900000
1260	7	20900000	21900000
1261	7	21900000	22900000
1262	7	22900000	23900000
1263	7	23900000	24900000
1264	7	24900000	25900000
1265	7	25900000	26900000
1266	7	26900000	27900000
1267	7	27900000	28900000
1268	7	28900000	29900000
1269	7	29900000	30900000
1270	7	30900000	31900000
1271	7	31900000	32900000
1272	7	32900000	33900000
1273	7	33900000	34900000
1274	7	34900000	35900000
1275	7	35900000	36900000
1276	7	36900000	37900000
1277	7	37900000	38900000
1278	7	38900000	39900000
1279	7	39900000	40900000
1280	7	40900000	41900000
1281	7	41900000	42900000
1282	7	42900000	43900000
1283	7	43900000	44900000
1284	7	44900000	45900000
1285	7	45900000	46900000
1286	7	46900000	47900000
1287	7	47900000	48900000
1288	7	48900000	49900000
1289	7	49900000	50900000
1290	7	50900000	51900000
1291	7	51900000	52900000
1292	7	52900000	53900000
1293	7	53900000	54900000
1294	7	54900000	55900000
1295	7	55900000	56900000
1296	7	56900000	57900000
1297	7	57900000	58900000
1298	7	58900000	59900000
1299	7	59900000	60900000
1300	7	60900000	61900000
1301	7	61900000	62900000
1302	7	62900000	63900000
1303	7	63900000	64900000
1304	7	64900000	65900000
1305	7	65900000	66900000
1306	7	66900000	67900000
1307	7	67900000	68900000
1308	7	68900000	69900000
1309	7	69900000	70900000
1310	7	70900000	71900000
1311	7	71900000	72900000
1312	7	72900000	73900000
1313	7	73900000	74900000
1314	7	74900000	75900000
1315	7	75900000	76900000
1316	7	76900000	77900000
1317	7	77900000	78900000
1318	7	78900000	79900000
1319	7	79900000	80900000
1320	7	80900000	81900000
1321	7	81900000	82900000
1322	7	82900000	83900000
1323	7	83900000	84900000
1324	7	84900000	85900000
1325	7	85900000	86900000
1326	7	86900000	87900000
1327	7	87900000	88900000
1328	7	88900000	89900000
1329	7	89900000	90900000
1330	7	90900000	91900000
1331	7	91900000	92900000
1332	7	92900000	93900000
1333	7	93900000	94900000
1334	7	94900000	95900000
1335	7	95900000	96900000
1336	7	96900000	97900000
1337	7	97900000	98900000
1338	7	98900000	99900000
1339	7	99900000	100900000
1340	7	100900000	101900000
1341	7	101900000	102900000
1342	7	102900000	103900000
1343	7	103900000	104900000
1344	7	104900000	105900000
1345	7	105900000	106900000
1346	7	106900000	107900000
1347	7	107900000	108900000
1348	7	108900000	109900000
1349	7	109900000	110900000
1350	7	110900000	111900000
1351	7	111900000	112900000
1352	7	112900000	113900000
1353	7	113900000	114900000
1354	7	114900000	115900000
1355	7	115900000	116900000
1356	7	116900000	117900000
1357	7	117900000	118900000
1358	7	118900000	119900000
1359	7	119900000	120900000
1360	7	120900000	121900000
1361	7	121900000	122900000
1362	7	122900000	123900000
1363	7	123900000	124900000
1364	7	124900000	125900000
1365	7	125900000	126900000
1366	7	126900000	127900000
1367	7	127900000	128900000
1368	7	128900000	129900000
1369	7	129900000	130900000
1370	7	130900000	131900000
1371	7	131900000	132900000
1372	7	132900000	133900000
1373	7	133900000	134900000
1374	7	134900000	135900000
1375	7	135900000	136900000
1376	7	136900000	137900000
1377	7	137900000	138900000
1378	7	138900000	139900000
1379	7	139900000	140900000
1380	7	140900000	141900000
1381	7	141900000	142900000
1382	7	142900000	143900000
1383	7	143900000	144900000
1384	7	144900000	145900000
1385	7	145900000	146900000
1386	7	146900000	147900000
1387	7	147900000	148900000
1388	7	148900000	149900000
1389	7	149900000	150900000
1390	7	150900000	151900000
1391	7	151900000	152900000
1392	7	152900000	153900000
1393	7	153900000	154900000
1394	7	154900000	155900000
1395	7	155900000	156900000
1396	7	156900000	157900000
1397	7	157900000	158900000
1398	7	158900000	159138663
1399	8	0	6e+05
1400	8	6e+05	1600000
1401	8	1600000	2600000
1402	8	2600000	3600000
1403	8	3600000	4600000
1404	8	4600000	5600000
1405	8	5600000	6600000
1406	8	6600000	7600000
1407	8	7600000	8600000
1408	8	8600000	9600000
1409	8	9600000	10600000
1410	8	10600000	11600000
1411	8	11600000	12600000
1412	8	12600000	13600000
1413	8	13600000	14600000
1414	8	14600000	15600000
1415	8	15600000	16600000
1416	8	16600000	17600000
1417	8	17600000	18600000
1418	8	18600000	19600000
1419	8	19600000	20600000
1420	8	20600000	21600000
1421	8	21600000	22600000
1422	8	22600000	23600000
1423	8	23600000	24600000
1424	8	24600000	25600000
1425	8	25600000	26600000
1426	8	26600000	27600000
1427	8	27600000	28600000
1428	8	28600000	29600000
1429	8	29600000	30600000
1430	8	30600000	31600000
1431	8	31600000	32600000
1432	8	32600000	33600000
1433	8	33600000	34600000
1434	8	34600000	35600000
1435	8	35600000	36600000
1436	8	36600000	37600000
1437	8	37600000	38600000
1438	8	38600000	39600000
1439	8	39600000	40600000
1440	8	40600000	41600000
1441	8	41600000	42600000
1442	8	42600000	43600000
1443	8	43600000	44600000
1444	8	44600000	45600000
1445	8	45600000	46600000
1446	8	46600000	47600000
1447	8	47600000	48600000
1448	8	48600000	49600000
1449	8	49600000	50600000
1450	8	50600000	51600000
1451	8	51600000	52600000
1452	8	52600000	53600000
1453	8	53600000	54600000
1454	8	54600000	55600000
1455	8	55600000	56600000
1456	8	56600000	57600000
1457	8	57600000	58600000
1458	8	58600000	59600000
1459	8	59600000	60600000
1460	8	60600000	61600000
1461	8	61600000	62600000
1462	8	62600000	63600000
1463	8	63600000	64600000
1464	8	64600000	65600000
1465	8	65600000	66600000
1466	8	66600000	67600000
1467	8	67600000	68600000
1468	8	68600000	69600000
1469	8	69600000	70600000
1470	8	70600000	71600000
1471	8	71600000	72600000
1472	8	72600000	73600000
1473	8	73600000	74600000
1474	8	74600000	75600000
1475	8	75600000	76600000
1476	8	76600000	77600000
1477	8	77600000	78600000
1478	8	78600000	79600000
1479	8	79600000	80600000
1480	8	80600000	81600000
1481	8	81600000	82600000
1482	8	82600000	83600000
1483	8	83600000	84600000
1484	8	84600000	85600000
1485	8	85600000	86600000
1486	8	86600000	87600000
1487	8	87600000	88600000
1488	8	88600000	89600000
1489	8	89600000	90600000
1490	8	90600000	91600000
1491	8	91600000	92600000
1492	8	92600000	93600000
1493	8	93600000	94600000
1494	8	94600000	95600000
1495	8	95600000	96600000
1496	8	96600000	97600000
1497	8	97600000	98600000
1498	8	98600000	99600000
1499	8	99600000	100600000
1500	8	100600000	101600000
1501	8	101600000	102600000
1502	8	102600000	103600000
1503	8	103600000	104600000
1504	8	104600000	105600000
1505	8	105600000	106600000
1506	8	106600000	107600000
1507	8	107600000	108600000
1508	8	108600000	109600000
1509	8	109600000	110600000
1510	8	110600000	111600000
1511	8	111600000	112600000
1512	8	112600000	113600000
1513	8	113600000	114600000
1514	8	114600000	115600000
1515	8	115600000	116600000
1516	8	116600000	117600000
1517	8	117600000	118600000
1518	8	118600000	119600000
1519	8	119600000	120600000
1520	8	120600000	121600000
1521	8	121600000	122600000
1522	8	122600000	123600000
1523	8	123600000	124600000
1524	8	124600000	125600000
1525	8	125600000	126600000
1526	8	126600000	127600000
1527	8	127600000	128600000
1528	8	128600000	129600000
1529	8	129600000	130600000
1530	8	130600000	131600000
1531	8	131600000	132600000
1532	8	132600000	133600000
1533	8	133600000	134600000
1534	8	134600000	135600000
1535	8	135600000	136600000
1536	8	136600000	137600000
1537	8	137600000	138600000
1538	8	138600000	139600000
1539	8	139600000	140600000
1540	8	140600000	141600000
1541	8	141600000	142600000
1542	8	142600000	143600000
1543	8	143600000	144600000
1544	8	144600000	145600000
1545	8	145600000	146364022
1546	9	0	1e+06
1547	9	1e+06	2e+06
1548	9	2e+06	3e+06
1549	9	3e+06	4e+06
1550	9	4e+06	5e+06
1551	9	5e+06	6e+06
1552	9	6e+06	7e+06
1553	9	7e+06	8e+06
1554	9	8e+06	9e+06
1555	9	9e+06	1e+07
1556	9	1e+07	1.1e+07
1557	9	1.1e+07	1.2e+07
1558	9	1.2e+07	1.3e+07
1559	9	1.3e+07	1.4e+07
1560	9	1.4e+07	1.5e+07
1561	9	1.5e+07	1.6e+07
1562	9	1.6e+07	1.7e+07
1563	9	1.7e+07	1.8e+07
1564	9	1.8e+07	1.9e+07
1565	9	1.9e+07	2e+07
1566	9	2e+07	2.1e+07
1567	9	2.1e+07	2.2e+07
1568	9	2.2e+07	2.3e+07
1569	9	2.3e+07	2.4e+07
1570	9	2.4e+07	2.5e+07
1571	9	2.5e+07	2.6e+07
1572	9	2.6e+07	2.7e+07
1573	9	2.7e+07	2.8e+07
1574	9	2.8e+07	2.9e+07
1575	9	2.9e+07	3e+07
1576	9	3e+07	3.1e+07
1577	9	3.1e+07	3.2e+07
1578	9	3.2e+07	3.3e+07
1579	9	3.3e+07	3.4e+07
1580	9	3.4e+07	3.5e+07
1581	9	3.5e+07	3.6e+07
1582	9	3.6e+07	3.7e+07
1583	9	3.7e+07	3.8e+07
1584	9	3.8e+07	3.9e+07
1585	9	3.9e+07	4e+07
1586	9	4e+07	4.1e+07
1587	9	4.1e+07	4.2e+07
1588	9	4.2e+07	4.3e+07
1589	9	4.3e+07	4.4e+07
1590	9	4.4e+07	4.5e+07
1591	9	4.5e+07	4.6e+07
1592	9	4.6e+07	4.7e+07
1593	9	4.7e+07	4.8e+07
1594	9	4.8e+07	4.9e+07
1595	9	4.9e+07	5e+07
1596	9	5e+07	5.1e+07
1597	9	5.1e+07	5.2e+07
1598	9	5.2e+07	5.3e+07
1599	9	5.3e+07	5.4e+07
1600	9	5.4e+07	5.5e+07
1601	9	5.5e+07	5.6e+07
1602	9	5.6e+07	5.7e+07
1603	9	5.7e+07	5.8e+07
1604	9	5.8e+07	5.9e+07
1605	9	5.9e+07	6e+07
1606	9	6e+07	6.1e+07
1607	9	6.1e+07	6.2e+07
1608	9	6.2e+07	6.3e+07
1609	9	6.3e+07	6.4e+07
1610	9	6.4e+07	6.5e+07
1611	9	6.5e+07	6.6e+07
1612	9	6.6e+07	6.7e+07
1613	9	6.7e+07	6.8e+07
1614	9	6.8e+07	6.9e+07
1615	9	6.9e+07	7e+07
1616	9	7e+07	7.1e+07
1617	9	7.1e+07	7.2e+07
1618	9	7.2e+07	7.3e+07
1619	9	7.3e+07	7.4e+07
1620	9	7.4e+07	7.5e+07
1621	9	7.5e+07	7.6e+07
1622	9	7.6e+07	7.7e+07
1623	9	7.7e+07	7.8e+07
1624	9	7.8e+07	7.9e+07
1625	9	7.9e+07	8e+07
1626	9	8e+07	8.1e+07
1627	9	8.1e+07	8.2e+07
1628	9	8.2e+07	8.3e+07
1629	9	8.3e+07	8.4e+07
1630	9	8.4e+07	8.5e+07
1631	9	8.5e+07	8.6e+07
1632	9	8.6e+07	8.7e+07
1633	9	8.7e+07	8.8e+07
1634	9	8.8e+07	8.9e+07
1635	9	8.9e+07	9e+07
1636	9	9e+07	9.1e+07
1637	9	9.1e+07	9.2e+07
1638	9	9.2e+07	9.3e+07
1639	9	9.3e+07	9.4e+07
1640	9	9.4e+07	9.5e+07
1641	9	9.5e+07	9.6e+07
1642	9	9.6e+07	9.7e+07
1643	9	9.7e+07	9.8e+07
1644	9	9.8e+07	9.9e+07
1645	9	9.9e+07	1e+08
1646	9	1e+08	1.01e+08
1647	9	1.01e+08	1.02e+08
1648	9	1.02e+08	1.03e+08
1649	9	1.03e+08	1.04e+08
1650	9	1.04e+08	1.05e+08
1651	9	1.05e+08	1.06e+08
1652	9	1.06e+08	1.07e+08
1653	9	1.07e+08	1.08e+08
1654	9	1.08e+08	1.09e+08
1655	9	1.09e+08	1.1e+08
1656	9	1.1e+08	1.11e+08
1657	9	1.11e+08	1.12e+08
1658	9	1.12e+08	1.13e+08
1659	9	1.13e+08	1.14e+08
1660	9	1.14e+08	1.15e+08
1661	9	1.15e+08	1.16e+08
1662	9	1.16e+08	1.17e+08
1663	9	1.17e+08	1.18e+08
1664	9	1.18e+08	1.19e+08
1665	9	1.19e+08	1.2e+08
1666	9	1.2e+08	1.21e+08
1667	9	1.21e+08	1.22e+08
1668	9	1.22e+08	1.23e+08
1669	9	1.23e+08	1.24e+08
1670	9	1.24e+08	1.25e+08
1671	9	1.25e+08	1.26e+08
1672	9	1.26e+08	1.27e+08
1673	9	1.27e+08	1.28e+08
1674	9	1.28e+08	1.29e+08
1675	9	1.29e+08	1.3e+08
1676	9	1.3e+08	1.31e+08
1677	9	1.31e+08	1.32e+08
1678	9	1.32e+08	1.33e+08
1679	9	1.33e+08	1.34e+08
1680	9	1.34e+08	1.35e+08
1681	9	1.35e+08	1.36e+08
1682	9	1.36e+08	1.37e+08
1683	9	1.37e+08	1.38e+08
1684	9	1.38e+08	1.39e+08
1685	9	1.39e+08	1.4e+08
1686	9	1.4e+08	1.41e+08
1687	9	1.41e+08	141213431
1688	10	0	2e+05
1689	10	2e+05	1200000
1690	10	1200000	2200000
1691	10	2200000	3200000
1692	10	3200000	4200000
1693	10	4200000	5200000
1694	10	5200000	6200000
1695	10	6200000	7200000
1696	10	7200000	8200000
1697	10	8200000	9200000
1698	10	9200000	10200000
1699	10	10200000	11200000
1700	10	11200000	12200000
1701	10	12200000	13200000
1702	10	13200000	14200000
1703	10	14200000	15200000
1704	10	15200000	16200000
1705	10	16200000	17200000
1706	10	17200000	18200000
1707	10	18200000	19200000
1708	10	19200000	20200000
1709	10	20200000	21200000
1710	10	21200000	22200000
1711	10	22200000	23200000
1712	10	23200000	24200000
1713	10	24200000	25200000
1714	10	25200000	26200000
1715	10	26200000	27200000
1716	10	27200000	28200000
1717	10	28200000	29200000
1718	10	29200000	30200000
1719	10	30200000	31200000
1720	10	31200000	32200000
1721	10	32200000	33200000
1722	10	33200000	34200000
1723	10	34200000	35200000
1724	10	35200000	36200000
1725	10	36200000	37200000
1726	10	37200000	38200000
1727	10	38200000	39200000
1728	10	39200000	40200000
1729	10	40200000	41200000
1730	10	41200000	42200000
1731	10	42200000	43200000
1732	10	43200000	44200000
1733	10	44200000	45200000
1734	10	45200000	46200000
1735	10	46200000	47200000
1736	10	47200000	48200000
1737	10	48200000	49200000
1738	10	49200000	50200000
1739	10	50200000	51200000
1740	10	51200000	52200000
1741	10	52200000	53200000
1742	10	53200000	54200000
1743	10	54200000	55200000
1744	10	55200000	56200000
1745	10	56200000	57200000
1746	10	57200000	58200000
1747	10	58200000	59200000
1748	10	59200000	60200000
1749	10	60200000	61200000
1750	10	61200000	62200000
1751	10	62200000	63200000
1752	10	63200000	64200000
1753	10	64200000	65200000
1754	10	65200000	66200000
1755	10	66200000	67200000
1756	10	67200000	68200000
1757	10	68200000	69200000
1758	10	69200000	70200000
1759	10	70200000	71200000
1760	10	71200000	72200000
1761	10	72200000	73200000
1762	10	73200000	74200000
1763	10	74200000	75200000
1764	10	75200000	76200000
1765	10	76200000	77200000
1766	10	77200000	78200000
1767	10	78200000	79200000
1768	10	79200000	80200000
1769	10	80200000	81200000
1770	10	81200000	82200000
1771	10	82200000	83200000
1772	10	83200000	84200000
1773	10	84200000	85200000
1774	10	85200000	86200000
1775	10	86200000	87200000
1776	10	87200000	88200000
1777	10	88200000	89200000
1778	10	89200000	90200000
1779	10	90200000	91200000
1780	10	91200000	92200000
1781	10	92200000	93200000
1782	10	93200000	94200000
1783	10	94200000	95200000
1784	10	95200000	96200000
1785	10	96200000	97200000
1786	10	97200000	98200000
1787	10	98200000	99200000
1788	10	99200000	100200000
1789	10	100200000	101200000
1790	10	101200000	102200000
1791	10	102200000	103200000
1792	10	103200000	104200000
1793	10	104200000	105200000
1794	10	105200000	106200000
1795	10	106200000	107200000
1796	10	107200000	108200000
1797	10	108200000	109200000
1798	10	109200000	110200000
1799	10	110200000	111200000
1800	10	111200000	112200000
1801	10	112200000	113200000
1802	10	113200000	114200000
1803	10	114200000	115200000
1804	10	115200000	116200000
1805	10	116200000	117200000
1806	10	117200000	118200000
1807	10	118200000	119200000
1808	10	119200000	120200000
1809	10	120200000	121200000
1810	10	121200000	122200000
1811	10	122200000	123200000
1812	10	123200000	124200000
1813	10	124200000	125200000
1814	10	125200000	126200000
1815	10	126200000	127200000
1816	10	127200000	128200000
1817	10	128200000	129200000
1818	10	129200000	130200000
1819	10	130200000	131200000
1820	10	131200000	132200000
1821	10	132200000	133200000
1822	10	133200000	134200000
1823	10	134200000	135200000
1824	10	135200000	135534747
1825	11	0	7e+05
1826	11	7e+05	1700000
1827	11	1700000	2700000
1828	11	2700000	3700000
1829	11	3700000	4700000
1830	11	4700000	5700000
1831	11	5700000	6700000
1832	11	6700000	7700000
1833	11	7700000	8700000
1834	11	8700000	9700000
1835	11	9700000	10700000
1836	11	10700000	11700000
1837	11	11700000	12700000
1838	11	12700000	13700000
1839	11	13700000	14700000
1840	11	14700000	15700000
1841	11	15700000	16700000
1842	11	16700000	17700000
1843	11	17700000	18700000
1844	11	18700000	19700000
1845	11	19700000	20700000
1846	11	20700000	21700000
1847	11	21700000	22700000
1848	11	22700000	23700000
1849	11	23700000	24700000
1850	11	24700000	25700000
1851	11	25700000	26700000
1852	11	26700000	27700000
1853	11	27700000	28700000
1854	11	28700000	29700000
1855	11	29700000	30700000
1856	11	30700000	31700000
1857	11	31700000	32700000
1858	11	32700000	33700000
1859	11	33700000	34700000
1860	11	34700000	35700000
1861	11	35700000	36700000
1862	11	36700000	37700000
1863	11	37700000	38700000
1864	11	38700000	39700000
1865	11	39700000	40700000
1866	11	40700000	41700000
1867	11	41700000	42700000
1868	11	42700000	43700000
1869	11	43700000	44700000
1870	11	44700000	45700000
1871	11	45700000	46700000
1872	11	46700000	47700000
1873	11	47700000	48700000
1874	11	48700000	49700000
1875	11	49700000	50700000
1876	11	50700000	51700000
1877	11	51700000	52700000
1878	11	52700000	53700000
1879	11	53700000	54700000
1880	11	54700000	55700000
1881	11	55700000	56700000
1882	11	56700000	57700000
1883	11	57700000	58700000
1884	11	58700000	59700000
1885	11	59700000	60700000
1886	11	60700000	61700000
1887	11	61700000	62700000
1888	11	62700000	63700000
1889	11	63700000	64700000
1890	11	64700000	65700000
1891	11	65700000	66700000
1892	11	66700000	67700000
1893	11	67700000	68700000
1894	11	68700000	69700000
1895	11	69700000	70700000
1896	11	70700000	71700000
1897	11	71700000	72700000
1898	11	72700000	73700000
1899	11	73700000	74700000
1900	11	74700000	75700000
1901	11	75700000	76700000
1902	11	76700000	77700000
1903	11	77700000	78700000
1904	11	78700000	79700000
1905	11	79700000	80700000
1906	11	80700000	81700000
1907	11	81700000	82700000
1908	11	82700000	83700000
1909	11	83700000	84700000
1910	11	84700000	85700000
1911	11	85700000	86700000
1912	11	86700000	87700000
1913	11	87700000	88700000
1914	11	88700000	89700000
1915	11	89700000	90700000
1916	11	90700000	91700000
1917	11	91700000	92700000
1918	11	92700000	93700000
1919	11	93700000	94700000
1920	11	94700000	95700000
1921	11	95700000	96700000
1922	11	96700000	97700000
1923	11	97700000	98700000
1924	11	98700000	99700000
1925	11	99700000	100700000
1926	11	100700000	101700000
1927	11	101700000	102700000
1928	11	102700000	103700000
1929	11	103700000	104700000
1930	11	104700000	105700000
1931	11	105700000	106700000
1932	11	106700000	107700000
1933	11	107700000	108700000
1934	11	108700000	109700000
1935	11	109700000	110700000
1936	11	110700000	111700000
1937	11	111700000	112700000
1938	11	112700000	113700000
1939	11	113700000	114700000
1940	11	114700000	115700000
1941	11	115700000	116700000
1942	11	116700000	117700000
1943	11	117700000	118700000
1944	11	118700000	119700000
1945	11	119700000	120700000
1946	11	120700000	121700000
1947	11	121700000	122700000
1948	11	122700000	123700000
1949	11	123700000	124700000
1950	11	124700000	125700000
1951	11	125700000	126700000
1952	11	126700000	127700000
1953	11	127700000	128700000
1954	11	128700000	129700000
1955	11	129700000	130700000
1956	11	130700000	131700000
1957	11	131700000	132700000
1958	11	132700000	133700000
1959	11	133700000	134700000
1960	11	134700000	135006516
1961	12	0	8e+05
1962	12	8e+05	1800000
1963	12	1800000	2800000
1964	12	2800000	3800000
1965	12	3800000	4800000
1966	12	4800000	5800000
1967	12	5800000	6800000
1968	12	6800000	7800000
1969	12	7800000	8800000
1970	12	8800000	9800000
1971	12	9800000	10800000
1972	12	10800000	11800000
1973	12	11800000	12800000
1974	12	12800000	13800000
1975	12	13800000	14800000
1976	12	14800000	15800000
1977	12	15800000	16800000
1978	12	16800000	17800000
1979	12	17800000	18800000
1980	12	18800000	19800000
1981	12	19800000	20800000
1982	12	20800000	21800000
1983	12	21800000	22800000
1984	12	22800000	23800000
1985	12	23800000	24800000
1986	12	24800000	25800000
1987	12	25800000	26800000
1988	12	26800000	27800000
1989	12	27800000	28800000
1990	12	28800000	29800000
1991	12	29800000	30800000
1992	12	30800000	31800000
1993	12	31800000	32800000
1994	12	32800000	33800000
1995	12	33800000	34800000
1996	12	34800000	35800000
1997	12	35800000	36800000
1998	12	36800000	37800000
1999	12	37800000	38800000
2000	12	38800000	39800000
2001	12	39800000	40800000
2002	12	40800000	41800000
2003	12	41800000	42800000
2004	12	42800000	43800000
2005	12	43800000	44800000
2006	12	44800000	45800000
2007	12	45800000	46800000
2008	12	46800000	47800000
2009	12	47800000	48800000
2010	12	48800000	49800000
2011	12	49800000	50800000
2012	12	50800000	51800000
2013	12	51800000	52800000
2014	12	52800000	53800000
2015	12	53800000	54800000
2016	12	54800000	55800000
2017	12	55800000	56800000
2018	12	56800000	57800000
2019	12	57800000	58800000
2020	12	58800000	59800000
2021	12	59800000	60800000
2022	12	60800000	61800000
2023	12	61800000	62800000
2024	12	62800000	63800000
2025	12	63800000	64800000
2026	12	64800000	65800000
2027	12	65800000	66800000
2028	12	66800000	67800000
2029	12	67800000	68800000
2030	12	68800000	69800000
2031	12	69800000	70800000
2032	12	70800000	71800000
2033	12	71800000	72800000
2034	12	72800000	73800000
2035	12	73800000	74800000
2036	12	74800000	75800000
2037	12	75800000	76800000
2038	12	76800000	77800000
2039	12	77800000	78800000
2040	12	78800000	79800000
2041	12	79800000	80800000
2042	12	80800000	81800000
2043	12	81800000	82800000
2044	12	82800000	83800000
2045	12	83800000	84800000
2046	12	84800000	85800000
2047	12	85800000	86800000
2048	12	86800000	87800000
2049	12	87800000	88800000
2050	12	88800000	89800000
2051	12	89800000	90800000
2052	12	90800000	91800000
2053	12	91800000	92800000
2054	12	92800000	93800000
2055	12	93800000	94800000
2056	12	94800000	95800000
2057	12	95800000	96800000
2058	12	96800000	97800000
2059	12	97800000	98800000
2060	12	98800000	99800000
2061	12	99800000	100800000
2062	12	100800000	101800000
2063	12	101800000	102800000
2064	12	102800000	103800000
2065	12	103800000	104800000
2066	12	104800000	105800000
2067	12	105800000	106800000
2068	12	106800000	107800000
2069	12	107800000	108800000
2070	12	108800000	109800000
2071	12	109800000	110800000
2072	12	110800000	111800000
2073	12	111800000	112800000
2074	12	112800000	113800000
2075	12	113800000	114800000
2076	12	114800000	115800000
2077	12	115800000	116800000
2078	12	116800000	117800000
2079	12	117800000	118800000
2080	12	118800000	119800000
2081	12	119800000	120800000
2082	12	120800000	121800000
2083	12	121800000	122800000
2084	12	122800000	123800000
2085	12	123800000	124800000
2086	12	124800000	125800000
2087	12	125800000	126800000
2088	12	126800000	127800000
2089	12	127800000	128800000
2090	12	128800000	129800000
2091	12	129800000	130800000
2092	12	130800000	131800000
2093	12	131800000	132800000
2094	12	132800000	133851895
2095	13	0	9e+05
2096	13	9e+05	1900000
2097	13	1900000	2900000
2098	13	2900000	3900000
2099	13	3900000	4900000
2100	13	4900000	5900000
2101	13	5900000	6900000
2102	13	6900000	7900000
2103	13	7900000	8900000
2104	13	8900000	9900000
2105	13	9900000	10900000
2106	13	10900000	11900000
2107	13	11900000	12900000
2108	13	12900000	13900000
2109	13	13900000	14900000
2110	13	14900000	15900000
2111	13	15900000	16900000
2112	13	16900000	17900000
2113	13	17900000	18900000
2114	13	18900000	19900000
2115	13	19900000	20900000
2116	13	20900000	21900000
2117	13	21900000	22900000
2118	13	22900000	23900000
2119	13	23900000	24900000
2120	13	24900000	25900000
2121	13	25900000	26900000
2122	13	26900000	27900000
2123	13	27900000	28900000
2124	13	28900000	29900000
2125	13	29900000	30900000
2126	13	30900000	31900000
2127	13	31900000	32900000
2128	13	32900000	33900000
2129	13	33900000	34900000
2130	13	34900000	35900000
2131	13	35900000	36900000
2132	13	36900000	37900000
2133	13	37900000	38900000
2134	13	38900000	39900000
2135	13	39900000	40900000
2136	13	40900000	41900000
2137	13	41900000	42900000
2138	13	42900000	43900000
2139	13	43900000	44900000
2140	13	44900000	45900000
2141	13	45900000	46900000
2142	13	46900000	47900000
2143	13	47900000	48900000
2144	13	48900000	49900000
2145	13	49900000	50900000
2146	13	50900000	51900000
2147	13	51900000	52900000
2148	13	52900000	53900000
2149	13	53900000	54900000
2150	13	54900000	55900000
2151	13	55900000	56900000
2152	13	56900000	57900000
2153	13	57900000	58900000
2154	13	58900000	59900000
2155	13	59900000	60900000
2156	13	60900000	61900000
2157	13	61900000	62900000
2158	13	62900000	63900000
2159	13	63900000	64900000
2160	13	64900000	65900000
2161	13	65900000	66900000
2162	13	66900000	67900000
2163	13	67900000	68900000
2164	13	68900000	69900000
2165	13	69900000	70900000
2166	13	70900000	71900000
2167	13	71900000	72900000
2168	13	72900000	73900000
2169	13	73900000	74900000
2170	13	74900000	75900000
2171	13	75900000	76900000
2172	13	76900000	77900000
2173	13	77900000	78900000
2174	13	78900000	79900000
2175	13	79900000	80900000
2176	13	80900000	81900000
2177	13	81900000	82900000
2178	13	82900000	83900000
2179	13	83900000	84900000
2180	13	84900000	85900000
2181	13	85900000	86900000
2182	13	86900000	87900000
2183	13	87900000	88900000
2184	13	88900000	89900000
2185	13	89900000	90900000
2186	13	90900000	91900000
2187	13	91900000	92900000
2188	13	92900000	93900000
2189	13	93900000	94900000
2190	13	94900000	95900000
2191	13	95900000	96900000
2192	13	96900000	97900000
2193	13	97900000	98900000
2194	13	98900000	99900000
2195	13	99900000	100900000
2196	13	100900000	101900000
2197	13	101900000	102900000
2198	13	102900000	103900000
2199	13	103900000	104900000
2200	13	104900000	105900000
2201	13	105900000	106900000
2202	13	106900000	107900000
2203	13	107900000	108900000
2204	13	108900000	109900000
2205	13	109900000	110900000
2206	13	110900000	111900000
2207	13	111900000	112900000
2208	13	112900000	113900000
2209	13	113900000	114900000
2210	13	114900000	115169878
2211	14	0	6e+05
2212	14	6e+05	1600000
2213	14	1600000	2600000
2214	14	2600000	3600000
2215	14	3600000	4600000
2216	14	4600000	5600000
2217	14	5600000	6600000
2218	14	6600000	7600000
2219	14	7600000	8600000
2220	14	8600000	9600000
2221	14	9600000	10600000
2222	14	10600000	11600000
2223	14	11600000	12600000
2224	14	12600000	13600000
2225	14	13600000	14600000
2226	14	14600000	15600000
2227	14	15600000	16600000
2228	14	16600000	17600000
2229	14	17600000	18600000
2230	14	18600000	19600000
2231	14	19600000	20600000
2232	14	20600000	21600000
2233	14	21600000	22600000
2234	14	22600000	23600000
2235	14	23600000	24600000
2236	14	24600000	25600000
2237	14	25600000	26600000
2238	14	26600000	27600000
2239	14	27600000	28600000
2240	14	28600000	29600000
2241	14	29600000	30600000
2242	14	30600000	31600000
2243	14	31600000	32600000
2244	14	32600000	33600000
2245	14	33600000	34600000
2246	14	34600000	35600000
2247	14	35600000	36600000
2248	14	36600000	37600000
2249	14	37600000	38600000
2250	14	38600000	39600000
2251	14	39600000	40600000
2252	14	40600000	41600000
2253	14	41600000	42600000
2254	14	42600000	43600000
2255	14	43600000	44600000
2256	14	44600000	45600000
2257	14	45600000	46600000
2258	14	46600000	47600000
2259	14	47600000	48600000
2260	14	48600000	49600000
2261	14	49600000	50600000
2262	14	50600000	51600000
2263	14	51600000	52600000
2264	14	52600000	53600000
2265	14	53600000	54600000
2266	14	54600000	55600000
2267	14	55600000	56600000
2268	14	56600000	57600000
2269	14	57600000	58600000
2270	14	58600000	59600000
2271	14	59600000	60600000
2272	14	60600000	61600000
2273	14	61600000	62600000
2274	14	62600000	63600000
2275	14	63600000	64600000
2276	14	64600000	65600000
2277	14	65600000	66600000
2278	14	66600000	67600000
2279	14	67600000	68600000
2280	14	68600000	69600000
2281	14	69600000	70600000
2282	14	70600000	71600000
2283	14	71600000	72600000
2284	14	72600000	73600000
2285	14	73600000	74600000
2286	14	74600000	75600000
2287	14	75600000	76600000
2288	14	76600000	77600000
2289	14	77600000	78600000
2290	14	78600000	79600000
2291	14	79600000	80600000
2292	14	80600000	81600000
2293	14	81600000	82600000
2294	14	82600000	83600000
2295	14	83600000	84600000
2296	14	84600000	85600000
2297	14	85600000	86600000
2298	14	86600000	87600000
2299	14	87600000	88600000
2300	14	88600000	89600000
2301	14	89600000	90600000
2302	14	90600000	91600000
2303	14	91600000	92600000
2304	14	92600000	93600000
2305	14	93600000	94600000
2306	14	94600000	95600000
2307	14	95600000	96600000
2308	14	96600000	97600000
2309	14	97600000	98600000
2310	14	98600000	99600000
2311	14	99600000	100600000
2312	14	100600000	101600000
2313	14	101600000	102600000
2314	14	102600000	103600000
2315	14	103600000	104600000
2316	14	104600000	105600000
2317	14	105600000	106600000
2318	14	106600000	107349540
2319	15	0	1e+06
2320	15	1e+06	2e+06
2321	15	2e+06	3e+06
2322	15	3e+06	4e+06
2323	15	4e+06	5e+06
2324	15	5e+06	6e+06
2325	15	6e+06	7e+06
2326	15	7e+06	8e+06
2327	15	8e+06	9e+06
2328	15	9e+06	1e+07
2329	15	1e+07	1.1e+07
2330	15	1.1e+07	1.2e+07
2331	15	1.2e+07	1.3e+07
2332	15	1.3e+07	1.4e+07
2333	15	1.4e+07	1.5e+07
2334	15	1.5e+07	1.6e+07
2335	15	1.6e+07	1.7e+07
2336	15	1.7e+07	1.8e+07
2337	15	1.8e+07	1.9e+07
2338	15	1.9e+07	2e+07
2339	15	2e+07	2.1e+07
2340	15	2.1e+07	2.2e+07
2341	15	2.2e+07	2.3e+07
2342	15	2.3e+07	2.4e+07
2343	15	2.4e+07	2.5e+07
2344	15	2.5e+07	2.6e+07
2345	15	2.6e+07	2.7e+07
2346	15	2.7e+07	2.8e+07
2347	15	2.8e+07	2.9e+07
2348	15	2.9e+07	3e+07
2349	15	3e+07	3.1e+07
2350	15	3.1e+07	3.2e+07
2351	15	3.2e+07	3.3e+07
2352	15	3.3e+07	3.4e+07
2353	15	3.4e+07	3.5e+07
2354	15	3.5e+07	3.6e+07
2355	15	3.6e+07	3.7e+07
2356	15	3.7e+07	3.8e+07
2357	15	3.8e+07	3.9e+07
2358	15	3.9e+07	4e+07
2359	15	4e+07	4.1e+07
2360	15	4.1e+07	4.2e+07
2361	15	4.2e+07	4.3e+07
2362	15	4.3e+07	4.4e+07
2363	15	4.4e+07	4.5e+07
2364	15	4.5e+07	4.6e+07
2365	15	4.6e+07	4.7e+07
2366	15	4.7e+07	4.8e+07
2367	15	4.8e+07	4.9e+07
2368	15	4.9e+07	5e+07
2369	15	5e+07	5.1e+07
2370	15	5.1e+07	5.2e+07
2371	15	5.2e+07	5.3e+07
2372	15	5.3e+07	5.4e+07
2373	15	5.4e+07	5.5e+07
2374	15	5.5e+07	5.6e+07
2375	15	5.6e+07	5.7e+07
2376	15	5.7e+07	5.8e+07
2377	15	5.8e+07	5.9e+07
2378	15	5.9e+07	6e+07
2379	15	6e+07	6.1e+07
2380	15	6.1e+07	6.2e+07
2381	15	6.2e+07	6.3e+07
2382	15	6.3e+07	6.4e+07
2383	15	6.4e+07	6.5e+07
2384	15	6.5e+07	6.6e+07
2385	15	6.6e+07	6.7e+07
2386	15	6.7e+07	6.8e+07
2387	15	6.8e+07	6.9e+07
2388	15	6.9e+07	7e+07
2389	15	7e+07	7.1e+07
2390	15	7.1e+07	7.2e+07
2391	15	7.2e+07	7.3e+07
2392	15	7.3e+07	7.4e+07
2393	15	7.4e+07	7.5e+07
2394	15	7.5e+07	7.6e+07
2395	15	7.6e+07	7.7e+07
2396	15	7.7e+07	7.8e+07
2397	15	7.8e+07	7.9e+07
2398	15	7.9e+07	8e+07
2399	15	8e+07	8.1e+07
2400	15	8.1e+07	8.2e+07
2401	15	8.2e+07	8.3e+07
2402	15	8.3e+07	8.4e+07
2403	15	8.4e+07	8.5e+07
2404	15	8.5e+07	8.6e+07
2405	15	8.6e+07	8.7e+07
2406	15	8.7e+07	8.8e+07
2407	15	8.8e+07	8.9e+07
2408	15	8.9e+07	9e+07
2409	15	9e+07	9.1e+07
2410	15	9.1e+07	9.2e+07
2411	15	9.2e+07	9.3e+07
2412	15	9.3e+07	9.4e+07
2413	15	9.4e+07	9.5e+07
2414	15	9.5e+07	9.6e+07
2415	15	9.6e+07	9.7e+07
2416	15	9.7e+07	9.8e+07
2417	15	9.8e+07	9.9e+07
2418	15	9.9e+07	1e+08
2419	15	1e+08	1.01e+08
2420	15	1.01e+08	1.02e+08
2421	15	1.02e+08	102531392
2422	16	0	6e+05
2423	16	6e+05	1600000
2424	16	1600000	2600000
2425	16	2600000	3600000
2426	16	3600000	4600000
2427	16	4600000	5600000
2428	16	5600000	6600000
2429	16	6600000	7600000
2430	16	7600000	8600000
2431	16	8600000	9600000
2432	16	9600000	10600000
2433	16	10600000	11600000
2434	16	11600000	12600000
2435	16	12600000	13600000
2436	16	13600000	14600000
2437	16	14600000	15600000
2438	16	15600000	16600000
2439	16	16600000	17600000
2440	16	17600000	18600000
2441	16	18600000	19600000
2442	16	19600000	20600000
2443	16	20600000	21600000
2444	16	21600000	22600000
2445	16	22600000	23600000
2446	16	23600000	24600000
2447	16	24600000	25600000
2448	16	25600000	26600000
2449	16	26600000	27600000
2450	16	27600000	28600000
2451	16	28600000	29600000
2452	16	29600000	30600000
2453	16	30600000	31600000
2454	16	31600000	32600000
2455	16	32600000	33600000
2456	16	33600000	34600000
2457	16	34600000	35600000
2458	16	35600000	36600000
2459	16	36600000	37600000
2460	16	37600000	38600000
2461	16	38600000	39600000
2462	16	39600000	40600000
2463	16	40600000	41600000
2464	16	41600000	42600000
2465	16	42600000	43600000
2466	16	43600000	44600000
2467	16	44600000	45600000
2468	16	45600000	46600000
2469	16	46600000	47600000
2470	16	47600000	48600000
2471	16	48600000	49600000
2472	16	49600000	50600000
2473	16	50600000	51600000
2474	16	51600000	52600000
2475	16	52600000	53600000
2476	16	53600000	54600000
2477	16	54600000	55600000
2478	16	55600000	56600000
2479	16	56600000	57600000
2480	16	57600000	58600000
2481	16	58600000	59600000
2482	16	59600000	60600000
2483	16	60600000	61600000
2484	16	61600000	62600000
2485	16	62600000	63600000
2486	16	63600000	64600000
2487	16	64600000	65600000
2488	16	65600000	66600000
2489	16	66600000	67600000
2490	16	67600000	68600000
2491	16	68600000	69600000
2492	16	69600000	70600000
2493	16	70600000	71600000
2494	16	71600000	72600000
2495	16	72600000	73600000
2496	16	73600000	74600000
2497	16	74600000	75600000
2498	16	75600000	76600000
2499	16	76600000	77600000
2500	16	77600000	78600000
2501	16	78600000	79600000
2502	16	79600000	80600000
2503	16	80600000	81600000
2504	16	81600000	82600000
2505	16	82600000	83600000
2506	16	83600000	84600000
2507	16	84600000	85600000
2508	16	85600000	86600000
2509	16	86600000	87600000
2510	16	87600000	88600000
2511	16	88600000	89600000
2512	16	89600000	90354753
2513	17	0	1e+06
2514	17	1e+06	2e+06
2515	17	2e+06	3e+06
2516	17	3e+06	4e+06
2517	17	4e+06	5e+06
2518	17	5e+06	6e+06
2519	17	6e+06	7e+06
2520	17	7e+06	8e+06
2521	17	8e+06	9e+06
2522	17	9e+06	1e+07
2523	17	1e+07	1.1e+07
2524	17	1.1e+07	1.2e+07
2525	17	1.2e+07	1.3e+07
2526	17	1.3e+07	1.4e+07
2527	17	1.4e+07	1.5e+07
2528	17	1.5e+07	1.6e+07
2529	17	1.6e+07	1.7e+07
2530	17	1.7e+07	1.8e+07
2531	17	1.8e+07	1.9e+07
2532	17	1.9e+07	2e+07
2533	17	2e+07	2.1e+07
2534	17	2.1e+07	2.2e+07
2535	17	2.2e+07	2.3e+07
2536	17	2.3e+07	2.4e+07
2537	17	2.4e+07	2.5e+07
2538	17	2.5e+07	2.6e+07
2539	17	2.6e+07	2.7e+07
2540	17	2.7e+07	2.8e+07
2541	17	2.8e+07	2.9e+07
2542	17	2.9e+07	3e+07
2543	17	3e+07	3.1e+07
2544	17	3.1e+07	3.2e+07
2545	17	3.2e+07	3.3e+07
2546	17	3.3e+07	3.4e+07
2547	17	3.4e+07	3.5e+07
2548	17	3.5e+07	3.6e+07
2549	17	3.6e+07	3.7e+07
2550	17	3.7e+07	3.8e+07
2551	17	3.8e+07	3.9e+07
2552	17	3.9e+07	4e+07
2553	17	4e+07	4.1e+07
2554	17	4.1e+07	4.2e+07
2555	17	4.2e+07	4.3e+07
2556	17	4.3e+07	4.4e+07
2557	17	4.4e+07	4.5e+07
2558	17	4.5e+07	4.6e+07
2559	17	4.6e+07	4.7e+07
2560	17	4.7e+07	4.8e+07
2561	17	4.8e+07	4.9e+07
2562	17	4.9e+07	5e+07
2563	17	5e+07	5.1e+07
2564	17	5.1e+07	5.2e+07
2565	17	5.2e+07	5.3e+07
2566	17	5.3e+07	5.4e+07
2567	17	5.4e+07	5.5e+07
2568	17	5.5e+07	5.6e+07
2569	17	5.6e+07	5.7e+07
2570	17	5.7e+07	5.8e+07
2571	17	5.8e+07	5.9e+07
2572	17	5.9e+07	6e+07
2573	17	6e+07	6.1e+07
2574	17	6.1e+07	6.2e+07
2575	17	6.2e+07	6.3e+07
2576	17	6.3e+07	6.4e+07
2577	17	6.4e+07	6.5e+07
2578	17	6.5e+07	6.6e+07
2579	17	6.6e+07	6.7e+07
2580	17	6.7e+07	6.8e+07
2581	17	6.8e+07	6.9e+07
2582	17	6.9e+07	7e+07
2583	17	7e+07	7.1e+07
2584	17	7.1e+07	7.2e+07
2585	17	7.2e+07	7.3e+07
2586	17	7.3e+07	7.4e+07
2587	17	7.4e+07	7.5e+07
2588	17	7.5e+07	7.6e+07
2589	17	7.6e+07	7.7e+07
2590	17	7.7e+07	7.8e+07
2591	17	7.8e+07	7.9e+07
2592	17	7.9e+07	8e+07
2593	17	8e+07	8.1e+07
2594	17	8.1e+07	81195210
2595	18	0	2e+05
2596	18	2e+05	1200000
2597	18	1200000	2200000
2598	18	2200000	3200000
2599	18	3200000	4200000
2600	18	4200000	5200000
2601	18	5200000	6200000
2602	18	6200000	7200000
2603	18	7200000	8200000
2604	18	8200000	9200000
2605	18	9200000	10200000
2606	18	10200000	11200000
2607	18	11200000	12200000
2608	18	12200000	13200000
2609	18	13200000	14200000
2610	18	14200000	15200000
2611	18	15200000	16200000
2612	18	16200000	17200000
2613	18	17200000	18200000
2614	18	18200000	19200000
2615	18	19200000	20200000
2616	18	20200000	21200000
2617	18	21200000	22200000
2618	18	22200000	23200000
2619	18	23200000	24200000
2620	18	24200000	25200000
2621	18	25200000	26200000
2622	18	26200000	27200000
2623	18	27200000	28200000
2624	18	28200000	29200000
2625	18	29200000	30200000
2626	18	30200000	31200000
2627	18	31200000	32200000
2628	18	32200000	33200000
2629	18	33200000	34200000
2630	18	34200000	35200000
2631	18	35200000	36200000
2632	18	36200000	37200000
2633	18	37200000	38200000
2634	18	38200000	39200000
2635	18	39200000	40200000
2636	18	40200000	41200000
2637	18	41200000	42200000
2638	18	42200000	43200000
2639	18	43200000	44200000
2640	18	44200000	45200000
2641	18	45200000	46200000
2642	18	46200000	47200000
2643	18	47200000	48200000
2644	18	48200000	49200000
2645	18	49200000	50200000
2646	18	50200000	51200000
2647	18	51200000	52200000
2648	18	52200000	53200000
2649	18	53200000	54200000
2650	18	54200000	55200000
2651	18	55200000	56200000
2652	18	56200000	57200000
2653	18	57200000	58200000
2654	18	58200000	59200000
2655	18	59200000	60200000
2656	18	60200000	61200000
2657	18	61200000	62200000
2658	18	62200000	63200000
2659	18	63200000	64200000
2660	18	64200000	65200000
2661	18	65200000	66200000
2662	18	66200000	67200000
2663	18	67200000	68200000
2664	18	68200000	69200000
2665	18	69200000	70200000
2666	18	70200000	71200000
2667	18	71200000	72200000
2668	18	72200000	73200000
2669	18	73200000	74200000
2670	18	74200000	75200000
2671	18	75200000	76200000
2672	18	76200000	77200000
2673	18	77200000	78077248
2674	19	0	5e+05
2675	19	5e+05	1500000
2676	19	1500000	2500000
2677	19	2500000	3500000
2678	19	3500000	4500000
2679	19	4500000	5500000
2680	19	5500000	6500000
2681	19	6500000	7500000
2682	19	7500000	8500000
2683	19	8500000	9500000
2684	19	9500000	10500000
2685	19	10500000	11500000
2686	19	11500000	12500000
2687	19	12500000	13500000
2688	19	13500000	14500000
2689	19	14500000	15500000
2690	19	15500000	16500000
2691	19	16500000	17500000
2692	19	17500000	18500000
2693	19	18500000	19500000
2694	19	19500000	20500000
2695	19	20500000	21500000
2696	19	21500000	22500000
2697	19	22500000	23500000
2698	19	23500000	24500000
2699	19	24500000	25500000
2700	19	25500000	26500000
2701	19	26500000	27500000
2702	19	27500000	28500000
2703	19	28500000	29500000
2704	19	29500000	30500000
2705	19	30500000	31500000
2706	19	31500000	32500000
2707	19	32500000	33500000
2708	19	33500000	34500000
2709	19	34500000	35500000
2710	19	35500000	36500000
2711	19	36500000	37500000
2712	19	37500000	38500000
2713	19	38500000	39500000
2714	19	39500000	40500000
2715	19	40500000	41500000
2716	19	41500000	42500000
2717	19	42500000	43500000
2718	19	43500000	44500000
2719	19	44500000	45500000
2720	19	45500000	46500000
2721	19	46500000	47500000
2722	19	47500000	48500000
2723	19	48500000	49500000
2724	19	49500000	50500000
2725	19	50500000	51500000
2726	19	51500000	52500000
2727	19	52500000	53500000
2728	19	53500000	54500000
2729	19	54500000	55500000
2730	19	55500000	56500000
2731	19	56500000	57500000
2732	19	57500000	58500000
2733	19	58500000	59128983
2734	20	0	5e+05
2735	20	5e+05	1500000
2736	20	1500000	2500000
2737	20	2500000	3500000
2738	20	3500000	4500000
2739	20	4500000	5500000
2740	20	5500000	6500000
2741	20	6500000	7500000
2742	20	7500000	8500000
2743	20	8500000	9500000
2744	20	9500000	10500000
2745	20	10500000	11500000
2746	20	11500000	12500000
2747	20	12500000	13500000
2748	20	13500000	14500000
2749	20	14500000	15500000
2750	20	15500000	16500000
2751	20	16500000	17500000
2752	20	17500000	18500000
2753	20	18500000	19500000
2754	20	19500000	20500000
2755	20	20500000	21500000
2756	20	21500000	22500000
2757	20	22500000	23500000
2758	20	23500000	24500000
2759	20	24500000	25500000
2760	20	25500000	26500000
2761	20	26500000	27500000
2762	20	27500000	28500000
2763	20	28500000	29500000
2764	20	29500000	30500000
2765	20	30500000	31500000
2766	20	31500000	32500000
2767	20	32500000	33500000
2768	20	33500000	34500000
2769	20	34500000	35500000
2770	20	35500000	36500000
2771	20	36500000	37500000
2772	20	37500000	38500000
2773	20	38500000	39500000
2774	20	39500000	40500000
2775	20	40500000	41500000
2776	20	41500000	42500000
2777	20	42500000	43500000
2778	20	43500000	44500000
2779	20	44500000	45500000
2780	20	45500000	46500000
2781	20	46500000	47500000
2782	20	47500000	48500000
2783	20	48500000	49500000
2784	20	49500000	50500000
2785	20	50500000	51500000
2786	20	51500000	52500000
2787	20	52500000	53500000
2788	20	53500000	54500000
2789	20	54500000	55500000
2790	20	55500000	56500000
2791	20	56500000	57500000
2792	20	57500000	58500000
2793	20	58500000	59500000
2794	20	59500000	60500000
2795	20	60500000	61500000
2796	20	61500000	62500000
2797	20	62500000	63025520
2798	21	0	2e+05
2799	21	2e+05	1200000
2800	21	1200000	2200000
2801	21	2200000	3200000
2802	21	3200000	4200000
2803	21	4200000	5200000
2804	21	5200000	6200000
2805	21	6200000	7200000
2806	21	7200000	8200000
2807	21	8200000	9200000
2808	21	9200000	10200000
2809	21	10200000	11200000
2810	21	11200000	12200000
2811	21	12200000	13200000
2812	21	13200000	14200000
2813	21	14200000	15200000
2814	21	15200000	16200000
2815	21	16200000	17200000
2816	21	17200000	18200000
2817	21	18200000	19200000
2818	21	19200000	20200000
2819	21	20200000	21200000
2820	21	21200000	22200000
2821	21	22200000	23200000
2822	21	23200000	24200000
2823	21	24200000	25200000
2824	21	25200000	26200000
2825	21	26200000	27200000
2826	21	27200000	28200000
2827	21	28200000	29200000
2828	21	29200000	30200000
2829	21	30200000	31200000
2830	21	31200000	32200000
2831	21	32200000	33200000
2832	21	33200000	34200000
2833	21	34200000	35200000
2834	21	35200000	36200000
2835	21	36200000	37200000
2836	21	37200000	38200000
2837	21	38200000	39200000
2838	21	39200000	40200000
2839	21	40200000	41200000
2840	21	41200000	42200000
2841	21	42200000	43200000
2842	21	43200000	44200000
2843	21	44200000	45200000
2844	21	45200000	46200000
2845	21	46200000	47200000
2846	21	47200000	48129895
2847	22	0	7e+05
2848	22	7e+05	1700000
2849	22	1700000	2700000
2850	22	2700000	3700000
2851	22	3700000	4700000
2852	22	4700000	5700000
2853	22	5700000	6700000
2854	22	6700000	7700000
2855	22	7700000	8700000
2856	22	8700000	9700000
2857	22	9700000	10700000
2858	22	10700000	11700000
2859	22	11700000	12700000
2860	22	12700000	13700000
2861	22	13700000	14700000
2862	22	14700000	15700000
2863	22	15700000	16700000
2864	22	16700000	17700000
2865	22	17700000	18700000
2866	22	18700000	19700000
2867	22	19700000	20700000
2868	22	20700000	21700000
2869	22	21700000	22700000
2870	22	22700000	23700000
2871	22	23700000	24700000
2872	22	24700000	25700000
2873	22	25700000	26700000
2874	22	26700000	27700000
2875	22	27700000	28700000
2876	22	28700000	29700000
2877	22	29700000	30700000
2878	22	30700000	31700000
2879	22	31700000	32700000
2880	22	32700000	33700000
2881	22	33700000	34700000
2882	22	34700000	35700000
2883	22	35700000	36700000
2884	22	36700000	37700000
2885	22	37700000	38700000
2886	22	38700000	39700000
2887	22	39700000	40700000
2888	22	40700000	41700000
2889	22	41700000	42700000
2890	22	42700000	43700000
2891	22	43700000	44700000
2892	22	44700000	45700000
2893	22	45700000	46700000
2894	22	46700000	47700000
2895	22	47700000	48700000
2896	22	48700000	49700000
2897	22	49700000	50700000
2898	22	50700000	51304566
2899	X	0	6e+05
2900	X	6e+05	1600000
2901	X	1600000	2600000
2902	X	2600000	3600000
2903	X	3600000	4600000
2904	X	4600000	5600000
2905	X	5600000	6600000
2906	X	6600000	7600000
2907	X	7600000	8600000
2908	X	8600000	9600000
2909	X	9600000	10600000
2910	X	10600000	11600000
2911	X	11600000	12600000
2912	X	12600000	13600000
2913	X	13600000	14600000
2914	X	14600000	15600000
2915	X	15600000	16600000
2916	X	16600000	17600000
2917	X	17600000	18600000
2918	X	18600000	19600000
2919	X	19600000	20600000
2920	X	20600000	21600000
2921	X	21600000	22600000
2922	X	22600000	23600000
2923	X	23600000	24600000
2924	X	24600000	25600000
2925	X	25600000	26600000
2926	X	26600000	27600000
2927	X	27600000	28600000
2928	X	28600000	29600000
2929	X	29600000	30600000
2930	X	30600000	31600000
2931	X	31600000	32600000
2932	X	32600000	33600000
2933	X	33600000	34600000
2934	X	34600000	35600000
2935	X	35600000	36600000
2936	X	36600000	37600000
2937	X	37600000	38600000
2938	X	38600000	39600000
2939	X	39600000	40600000
2940	X	40600000	41600000
2941	X	41600000	42600000
2942	X	42600000	43600000
2943	X	43600000	44600000
2944	X	44600000	45600000
2945	X	45600000	46600000
2946	X	46600000	47600000
2947	X	47600000	48600000
2948	X	48600000	49600000
2949	X	49600000	50600000
2950	X	50600000	51600000
2951	X	51600000	52600000
2952	X	52600000	53600000
2953	X	53600000	54600000
2954	X	54600000	55600000
2955	X	55600000	56600000
2956	X	56600000	57600000
2957	X	57600000	58600000
2958	X	58600000	59600000
2959	X	59600000	60600000
2960	X	60600000	61600000
2961	X	61600000	62600000
2962	X	62600000	63600000
2963	X	63600000	64600000
2964	X	64600000	65600000
2965	X	65600000	66600000
2966	X	66600000	67600000
2967	X	67600000	68600000
2968	X	68600000	69600000
2969	X	69600000	70600000
2970	X	70600000	71600000
2971	X	71600000	72600000
2972	X	72600000	73600000
2973	X	73600000	74600000
2974	X	74600000	75600000
2975	X	75600000	76600000
2976	X	76600000	77600000
2977	X	77600000	78600000
2978	X	78600000	79600000
2979	X	79600000	80600000
2980	X	80600000	81600000
2981	X	81600000	82600000
2982	X	82600000	83600000
2983	X	83600000	84600000
2984	X	84600000	85600000
2985	X	85600000	86600000
2986	X	86600000	87600000
2987	X	87600000	88600000
2988	X	88600000	89600000
2989	X	89600000	90600000
2990	X	90600000	91600000
2991	X	91600000	92600000
2992	X	92600000	93600000
2993	X	93600000	94600000
2994	X	94600000	95600000
2995	X	95600000	96600000
2996	X	96600000	97600000
2997	X	97600000	98600000
2998	X	98600000	99600000
2999	X	99600000	100600000
3000	X	100600000	101600000
3001	X	101600000	102600000
3002	X	102600000	103600000
3003	X	103600000	104600000
3004	X	104600000	105600000
3005	X	105600000	106600000
3006	X	106600000	107600000
3007	X	107600000	108600000
3008	X	108600000	109600000
3009	X	109600000	110600000
3010	X	110600000	111600000
3011	X	111600000	112600000
3012	X	112600000	113600000
3013	X	113600000	114600000
3014	X	114600000	115600000
3015	X	115600000	116600000
3016	X	116600000	117600000
3017	X	117600000	118600000
3018	X	118600000	119600000
3019	X	119600000	120600000
3020	X	120600000	121600000
3021	X	121600000	122600000
3022	X	122600000	123600000
3023	X	123600000	124600000
3024	X	124600000	125600000
3025	X	125600000	126600000
3026	X	126600000	127600000
3027	X	127600000	128600000
3028	X	128600000	129600000
3029	X	129600000	130600000
3030	X	130600000	131600000
3031	X	131600000	132600000
3032	X	132600000	133600000
3033	X	133600000	134600000
3034	X	134600000	135600000
3035	X	135600000	136600000
3036	X	136600000	137600000
3037	X	137600000	138600000
3038	X	138600000	139600000
3039	X	139600000	140600000
3040	X	140600000	141600000
3041	X	141600000	142600000
3042	X	142600000	143600000
3043	X	143600000	144600000
3044	X	144600000	145600000
3045	X	145600000	146600000
3046	X	146600000	147600000
3047	X	147600000	148600000
3048	X	148600000	149600000
3049	X	149600000	150600000
3050	X	150600000	151600000
3051	X	151600000	152600000
3052	X	152600000	153600000
3053	X	153600000	154600000
3054	X	154600000	155270560
3055	Y	0	5e+05
3056	Y	5e+05	1500000
3057	Y	1500000	2500000
3058	Y	2500000	3500000
3059	Y	3500000	4500000
3060	Y	4500000	5500000
3061	Y	5500000	6500000
3062	Y	6500000	7500000
3063	Y	7500000	8500000
3064	Y	8500000	9500000
3065	Y	9500000	10500000
3066	Y	10500000	11500000
3067	Y	11500000	12500000
3068	Y	12500000	13500000
3069	Y	13500000	14500000
3070	Y	14500000	15500000
3071	Y	15500000	16500000
3072	Y	16500000	17500000
3073	Y	17500000	18500000
3074	Y	18500000	19500000
3075	Y	19500000	20500000
3076	Y	20500000	21500000
3077	Y	21500000	22500000
3078	Y	22500000	23500000
3079	Y	23500000	24500000
3080	Y	24500000	25500000
3081	Y	25500000	26500000
3082	Y	26500000	27500000
3083	Y	27500000	28500000
3084	Y	28500000	29500000
3085	Y	29500000	30500000
3086	Y	30500000	31500000
3087	Y	31500000	32500000
3088	Y	32500000	33500000
3089	Y	33500000	34500000
3090	Y	34500000	35500000
3091	Y	35500000	36500000
3092	Y	36500000	37500000
3093	Y	37500000	38500000
3094	Y	38500000	39500000
3095	Y	39500000	40500000
3096	Y	40500000	41500000
3097	Y	41500000	42500000
3098	Y	42500000	43500000
3099	Y	43500000	44500000
3100	Y	44500000	45500000
3101	Y	45500000	46500000
3102	Y	46500000	47500000
3103	Y	47500000	48500000
3104	Y	48500000	49500000
3105	Y	49500000	50500000
3106	Y	50500000	51500000
3107	Y	51500000	52500000
3108	Y	52500000	53500000
3109	Y	53500000	54500000
3110	Y	54500000	55500000
3111	Y	55500000	56500000
3112	Y	56500000	57500000
3113	Y	57500000	58500000
3114	Y	58500000	59373566
