index	chromosome	start	end
1	1	0	4e+05
2	1	4e+05	1400000
3	1	1400000	2400000
4	1	2400000	3400000
5	1	3400000	4400000
6	1	4400000	5400000
7	1	5400000	6400000
8	1	6400000	7400000
9	1	7400000	8400000
10	1	8400000	9400000
11	1	9400000	10400000
12	1	10400000	11400000
13	1	11400000	12400000
14	1	12400000	13400000
15	1	13400000	14400000
16	1	14400000	15400000
17	1	15400000	16400000
18	1	16400000	17400000
19	1	17400000	18400000
20	1	18400000	19400000
21	1	19400000	20400000
22	1	20400000	21400000
23	1	21400000	22400000
24	1	22400000	23400000
25	1	23400000	24400000
26	1	24400000	25400000
27	1	25400000	26400000
28	1	26400000	27400000
29	1	27400000	28400000
30	1	28400000	29400000
31	1	29400000	30400000
32	1	30400000	31400000
33	1	31400000	32400000
34	1	32400000	33400000
35	1	33400000	34400000
36	1	34400000	35400000
37	1	35400000	36400000
38	1	36400000	37400000
39	1	37400000	38400000
40	1	38400000	39400000
41	1	39400000	40400000
42	1	40400000	41400000
43	1	41400000	42400000
44	1	42400000	43400000
45	1	43400000	44400000
46	1	44400000	45400000
47	1	45400000	46400000
48	1	46400000	47400000
49	1	47400000	48400000
50	1	48400000	49400000
51	1	49400000	50400000
52	1	50400000	51400000
53	1	51400000	52400000
54	1	52400000	53400000
55	1	53400000	54400000
56	1	54400000	55400000
57	1	55400000	56400000
58	1	56400000	57400000
59	1	57400000	58400000
60	1	58400000	59400000
61	1	59400000	60400000
62	1	60400000	61400000
63	1	61400000	62400000
64	1	62400000	63400000
65	1	63400000	64400000
66	1	64400000	65400000
67	1	65400000	66400000
68	1	66400000	67400000
69	1	67400000	68400000
70	1	68400000	69400000
71	1	69400000	70400000
72	1	70400000	71400000
73	1	71400000	72400000
74	1	72400000	73400000
75	1	73400000	74400000
76	1	74400000	75400000
77	1	75400000	76400000
78	1	76400000	77400000
79	1	77400000	78400000
80	1	78400000	79400000
81	1	79400000	80400000
82	1	80400000	81400000
83	1	81400000	82400000
84	1	82400000	83400000
85	1	83400000	84400000
86	1	84400000	85400000
87	1	85400000	86400000
88	1	86400000	87400000
89	1	87400000	88400000
90	1	88400000	89400000
91	1	89400000	90400000
92	1	90400000	91400000
93	1	91400000	92400000
94	1	92400000	93400000
95	1	93400000	94400000
96	1	94400000	95400000
97	1	95400000	96400000
98	1	96400000	97400000
99	1	97400000	98400000
100	1	98400000	99400000
101	1	99400000	100400000
102	1	100400000	101400000
103	1	101400000	102400000
104	1	102400000	103400000
105	1	103400000	104400000
106	1	104400000	105400000
107	1	105400000	106400000
108	1	106400000	107400000
109	1	107400000	108400000
110	1	108400000	109400000
111	1	109400000	110400000
112	1	110400000	111400000
113	1	111400000	112400000
114	1	112400000	113400000
115	1	113400000	114400000
116	1	114400000	115400000
117	1	115400000	116400000
118	1	116400000	117400000
119	1	117400000	118400000
120	1	118400000	119400000
121	1	119400000	120400000
122	1	120400000	121400000
123	1	121400000	122400000
124	1	122400000	123400000
125	1	123400000	124400000
126	1	124400000	125400000
127	1	125400000	126400000
128	1	126400000	127400000
129	1	127400000	128400000
130	1	128400000	129400000
131	1	129400000	130400000
132	1	130400000	131400000
133	1	131400000	132400000
134	1	132400000	133400000
135	1	133400000	134400000
136	1	134400000	135400000
137	1	135400000	136400000
138	1	136400000	137400000
139	1	137400000	138400000
140	1	138400000	139400000
141	1	139400000	140400000
142	1	140400000	141400000
143	1	141400000	142400000
144	1	142400000	143400000
145	1	143400000	144400000
146	1	144400000	145400000
147	1	145400000	146400000
148	1	146400000	147400000
149	1	147400000	148400000
150	1	148400000	149400000
151	1	149400000	150400000
152	1	150400000	151400000
153	1	151400000	152400000
154	1	152400000	153400000
155	1	153400000	154400000
156	1	154400000	155400000
157	1	155400000	156400000
158	1	156400000	157400000
159	1	157400000	158400000
160	1	158400000	159400000
161	1	159400000	160400000
162	1	160400000	161400000
163	1	161400000	162400000
164	1	162400000	163400000
165	1	163400000	164400000
166	1	164400000	165400000
167	1	165400000	166400000
168	1	166400000	167400000
169	1	167400000	168400000
170	1	168400000	169400000
171	1	169400000	170400000
172	1	170400000	171400000
173	1	171400000	172400000
174	1	172400000	173400000
175	1	173400000	174400000
176	1	174400000	175400000
177	1	175400000	176400000
178	1	176400000	177400000
179	1	177400000	178400000
180	1	178400000	179400000
181	1	179400000	180400000
182	1	180400000	181400000
183	1	181400000	182400000
184	1	182400000	183400000
185	1	183400000	184400000
186	1	184400000	185400000
187	1	185400000	186400000
188	1	186400000	187400000
189	1	187400000	188400000
190	1	188400000	189400000
191	1	189400000	190400000
192	1	190400000	191400000
193	1	191400000	192400000
194	1	192400000	193400000
195	1	193400000	194400000
196	1	194400000	195400000
197	1	195400000	196400000
198	1	196400000	197400000
199	1	197400000	198400000
200	1	198400000	199400000
201	1	199400000	200400000
202	1	200400000	201400000
203	1	201400000	202400000
204	1	202400000	203400000
205	1	203400000	204400000
206	1	204400000	205400000
207	1	205400000	206400000
208	1	206400000	207400000
209	1	207400000	208400000
210	1	208400000	209400000
211	1	209400000	210400000
212	1	210400000	211400000
213	1	211400000	212400000
214	1	212400000	213400000
215	1	213400000	214400000
216	1	214400000	215400000
217	1	215400000	216400000
218	1	216400000	217400000
219	1	217400000	218400000
220	1	218400000	219400000
221	1	219400000	220400000
222	1	220400000	221400000
223	1	221400000	222400000
224	1	222400000	223400000
225	1	223400000	224400000
226	1	224400000	225400000
227	1	225400000	226400000
228	1	226400000	227400000
229	1	227400000	228400000
230	1	228400000	229400000
231	1	229400000	230400000
232	1	230400000	231400000
233	1	231400000	232400000
234	1	232400000	233400000
235	1	233400000	234400000
236	1	234400000	235400000
237	1	235400000	236400000
238	1	236400000	237400000
239	1	237400000	238400000
240	1	238400000	239400000
241	1	239400000	240400000
242	1	240400000	241400000
243	1	241400000	242400000
244	1	242400000	243400000
245	1	243400000	244400000
246	1	244400000	245400000
247	1	245400000	246400000
248	1	246400000	247400000
249	1	247400000	248400000
250	1	248400000	248956422
251	2	0	9e+05
252	2	9e+05	1900000
253	2	1900000	2900000
254	2	2900000	3900000
255	2	3900000	4900000
256	2	4900000	5900000
257	2	5900000	6900000
258	2	6900000	7900000
259	2	7900000	8900000
260	2	8900000	9900000
261	2	9900000	10900000
262	2	10900000	11900000
263	2	11900000	12900000
264	2	12900000	13900000
265	2	13900000	14900000
266	2	14900000	15900000
267	2	15900000	16900000
268	2	16900000	17900000
269	2	17900000	18900000
270	2	18900000	19900000
271	2	19900000	20900000
272	2	20900000	21900000
273	2	21900000	22900000
274	2	22900000	23900000
275	2	23900000	24900000
276	2	24900000	25900000
277	2	25900000	26900000
278	2	26900000	27900000
279	2	27900000	28900000
280	2	28900000	29900000
281	2	29900000	30900000
282	2	30900000	31900000
283	2	31900000	32900000
284	2	32900000	33900000
285	2	33900000	34900000
286	2	34900000	35900000
287	2	35900000	36900000
288	2	36900000	37900000
289	2	37900000	38900000
290	2	38900000	39900000
291	2	39900000	40900000
292	2	40900000	41900000
293	2	41900000	42900000
294	2	42900000	43900000
295	2	43900000	44900000
296	2	44900000	45900000
297	2	45900000	46900000
298	2	46900000	47900000
299	2	47900000	48900000
300	2	48900000	49900000
301	2	49900000	50900000
302	2	50900000	51900000
303	2	51900000	52900000
304	2	52900000	53900000
305	2	53900000	54900000
306	2	54900000	55900000
307	2	55900000	56900000
308	2	56900000	57900000
309	2	57900000	58900000
310	2	58900000	59900000
311	2	59900000	60900000
312	2	60900000	61900000
313	2	61900000	62900000
314	2	62900000	63900000
315	2	63900000	64900000
316	2	64900000	65900000
317	2	65900000	66900000
318	2	66900000	67900000
319	2	67900000	68900000
320	2	68900000	69900000
321	2	69900000	70900000
322	2	70900000	71900000
323	2	71900000	72900000
324	2	72900000	73900000
325	2	73900000	74900000
326	2	74900000	75900000
327	2	75900000	76900000
328	2	76900000	77900000
329	2	77900000	78900000
330	2	78900000	79900000
331	2	79900000	80900000
332	2	80900000	81900000
333	2	81900000	82900000
334	2	82900000	83900000
335	2	83900000	84900000
336	2	84900000	85900000
337	2	85900000	86900000
338	2	86900000	87900000
339	2	87900000	88900000
340	2	88900000	89900000
341	2	89900000	90900000
342	2	90900000	91900000
343	2	91900000	92900000
344	2	92900000	93900000
345	2	93900000	94900000
346	2	94900000	95900000
347	2	95900000	96900000
348	2	96900000	97900000
349	2	97900000	98900000
350	2	98900000	99900000
351	2	99900000	100900000
352	2	100900000	101900000
353	2	101900000	102900000
354	2	102900000	103900000
355	2	103900000	104900000
356	2	104900000	105900000
357	2	105900000	106900000
358	2	106900000	107900000
359	2	107900000	108900000
360	2	108900000	109900000
361	2	109900000	110900000
362	2	110900000	111900000
363	2	111900000	112900000
364	2	112900000	113900000
365	2	113900000	114900000
366	2	114900000	115900000
367	2	115900000	116900000
368	2	116900000	117900000
369	2	117900000	118900000
370	2	118900000	119900000
371	2	119900000	120900000
372	2	120900000	121900000
373	2	121900000	122900000
374	2	122900000	123900000
375	2	123900000	124900000
376	2	124900000	125900000
377	2	125900000	126900000
378	2	126900000	127900000
379	2	127900000	128900000
380	2	128900000	129900000
381	2	129900000	130900000
382	2	130900000	131900000
383	2	131900000	132900000
384	2	132900000	133900000
385	2	133900000	134900000
386	2	134900000	135900000
387	2	135900000	136900000
388	2	136900000	137900000
389	2	137900000	138900000
390	2	138900000	139900000
391	2	139900000	140900000
392	2	140900000	141900000
393	2	141900000	142900000
394	2	142900000	143900000
395	2	143900000	144900000
396	2	144900000	145900000
397	2	145900000	146900000
398	2	146900000	147900000
399	2	147900000	148900000
400	2	148900000	149900000
401	2	149900000	150900000
402	2	150900000	151900000
403	2	151900000	152900000
404	2	152900000	153900000
405	2	153900000	154900000
406	2	154900000	155900000
407	2	155900000	156900000
408	2	156900000	157900000
409	2	157900000	158900000
410	2	158900000	159900000
411	2	159900000	160900000
412	2	160900000	161900000
413	2	161900000	162900000
414	2	162900000	163900000
415	2	163900000	164900000
416	2	164900000	165900000
417	2	165900000	166900000
418	2	166900000	167900000
419	2	167900000	168900000
420	2	168900000	169900000
421	2	169900000	170900000
422	2	170900000	171900000
423	2	171900000	172900000
424	2	172900000	173900000
425	2	173900000	174900000
426	2	174900000	175900000
427	2	175900000	176900000
428	2	176900000	177900000
429	2	177900000	178900000
430	2	178900000	179900000
431	2	179900000	180900000
432	2	180900000	181900000
433	2	181900000	182900000
434	2	182900000	183900000
435	2	183900000	184900000
436	2	184900000	185900000
437	2	185900000	186900000
438	2	186900000	187900000
439	2	187900000	188900000
440	2	188900000	189900000
441	2	189900000	190900000
442	2	190900000	191900000
443	2	191900000	192900000
444	2	192900000	193900000
445	2	193900000	194900000
446	2	194900000	195900000
447	2	195900000	196900000
448	2	196900000	197900000
449	2	197900000	198900000
450	2	198900000	199900000
451	2	199900000	200900000
452	2	200900000	201900000
453	2	201900000	202900000
454	2	202900000	203900000
455	2	203900000	204900000
456	2	204900000	205900000
457	2	205900000	206900000
458	2	206900000	207900000
459	2	207900000	208900000
460	2	208900000	209900000
461	2	209900000	210900000
462	2	210900000	211900000
463	2	211900000	212900000
464	2	212900000	213900000
465	2	213900000	214900000
466	2	214900000	215900000
467	2	215900000	216900000
468	2	216900000	217900000
469	2	217900000	218900000
470	2	218900000	219900000
471	2	219900000	220900000
472	2	220900000	221900000
473	2	221900000	222900000
474	2	222900000	223900000
475	2	223900000	224900000
476	2	224900000	225900000
477	2	225900000	226900000
478	2	226900000	227900000
479	2	227900000	228900000
480	2	228900000	229900000
481	2	229900000	230900000
482	2	230900000	231900000
483	2	231900000	232900000
484	2	232900000	233900000
485	2	233900000	234900000
486	2	234900000	235900000
487	2	235900000	236900000
488	2	236900000	237900000
489	2	237900000	238900000
490	2	238900000	239900000
491	2	239900000	240900000
492	2	240900000	241900000
493	2	241900000	242193529
494	3	0	9e+05
495	3	9e+05	1900000
496	3	1900000	2900000
497	3	2900000	3900000
498	3	3900000	4900000
499	3	4900000	5900000
500	3	5900000	6900000
501	3	6900000	7900000
502	3	7900000	8900000
503	3	8900000	9900000
504	3	9900000	10900000
505	3	10900000	11900000
506	3	11900000	12900000
507	3	12900000	13900000
508	3	13900000	14900000
509	3	14900000	15900000
510	3	15900000	16900000
511	3	16900000	17900000
512	3	17900000	18900000
513	3	18900000	19900000
514	3	19900000	20900000
515	3	20900000	21900000
516	3	21900000	22900000
517	3	22900000	23900000
518	3	23900000	24900000
519	3	24900000	25900000
520	3	25900000	26900000
521	3	26900000	27900000
522	3	27900000	28900000
523	3	28900000	29900000
524	3	29900000	30900000
525	3	30900000	31900000
526	3	31900000	32900000
527	3	32900000	33900000
528	3	33900000	34900000
529	3	34900000	35900000
530	3	35900000	36900000
531	3	36900000	37900000
532	3	37900000	38900000
533	3	38900000	39900000
534	3	39900000	40900000
535	3	40900000	41900000
536	3	41900000	42900000
537	3	42900000	43900000
538	3	43900000	44900000
539	3	44900000	45900000
540	3	45900000	46900000
541	3	46900000	47900000
542	3	47900000	48900000
543	3	48900000	49900000
544	3	49900000	50900000
545	3	50900000	51900000
546	3	51900000	52900000
547	3	52900000	53900000
548	3	53900000	54900000
549	3	54900000	55900000
550	3	55900000	56900000
551	3	56900000	57900000
552	3	57900000	58900000
553	3	58900000	59900000
554	3	59900000	60900000
555	3	60900000	61900000
556	3	61900000	62900000
557	3	62900000	63900000
558	3	63900000	64900000
559	3	64900000	65900000
560	3	65900000	66900000
561	3	66900000	67900000
562	3	67900000	68900000
563	3	68900000	69900000
564	3	69900000	70900000
565	3	70900000	71900000
566	3	71900000	72900000
567	3	72900000	73900000
568	3	73900000	74900000
569	3	74900000	75900000
570	3	75900000	76900000
571	3	76900000	77900000
572	3	77900000	78900000
573	3	78900000	79900000
574	3	79900000	80900000
575	3	80900000	81900000
576	3	81900000	82900000
577	3	82900000	83900000
578	3	83900000	84900000
579	3	84900000	85900000
580	3	85900000	86900000
581	3	86900000	87900000
582	3	87900000	88900000
583	3	88900000	89900000
584	3	89900000	90900000
585	3	90900000	91900000
586	3	91900000	92900000
587	3	92900000	93900000
588	3	93900000	94900000
589	3	94900000	95900000
590	3	95900000	96900000
591	3	96900000	97900000
592	3	97900000	98900000
593	3	98900000	99900000
594	3	99900000	100900000
595	3	100900000	101900000
596	3	101900000	102900000
597	3	102900000	103900000
598	3	103900000	104900000
599	3	104900000	105900000
600	3	105900000	106900000
601	3	106900000	107900000
602	3	107900000	108900000
603	3	108900000	109900000
604	3	109900000	110900000
605	3	110900000	111900000
606	3	111900000	112900000
607	3	112900000	113900000
608	3	113900000	114900000
609	3	114900000	115900000
610	3	115900000	116900000
611	3	116900000	117900000
612	3	117900000	118900000
613	3	118900000	119900000
614	3	119900000	120900000
615	3	120900000	121900000
616	3	121900000	122900000
617	3	122900000	123900000
618	3	123900000	124900000
619	3	124900000	125900000
620	3	125900000	126900000
621	3	126900000	127900000
622	3	127900000	128900000
623	3	128900000	129900000
624	3	129900000	130900000
625	3	130900000	131900000
626	3	131900000	132900000
627	3	132900000	133900000
628	3	133900000	134900000
629	3	134900000	135900000
630	3	135900000	136900000
631	3	136900000	137900000
632	3	137900000	138900000
633	3	138900000	139900000
634	3	139900000	140900000
635	3	140900000	141900000
636	3	141900000	142900000
637	3	142900000	143900000
638	3	143900000	144900000
639	3	144900000	145900000
640	3	145900000	146900000
641	3	146900000	147900000
642	3	147900000	148900000
643	3	148900000	149900000
644	3	149900000	150900000
645	3	150900000	151900000
646	3	151900000	152900000
647	3	152900000	153900000
648	3	153900000	154900000
649	3	154900000	155900000
650	3	155900000	156900000
651	3	156900000	157900000
652	3	157900000	158900000
653	3	158900000	159900000
654	3	159900000	160900000
655	3	160900000	161900000
656	3	161900000	162900000
657	3	162900000	163900000
658	3	163900000	164900000
659	3	164900000	165900000
660	3	165900000	166900000
661	3	166900000	167900000
662	3	167900000	168900000
663	3	168900000	169900000
664	3	169900000	170900000
665	3	170900000	171900000
666	3	171900000	172900000
667	3	172900000	173900000
668	3	173900000	174900000
669	3	174900000	175900000
670	3	175900000	176900000
671	3	176900000	177900000
672	3	177900000	178900000
673	3	178900000	179900000
674	3	179900000	180900000
675	3	180900000	181900000
676	3	181900000	182900000
677	3	182900000	183900000
678	3	183900000	184900000
679	3	184900000	185900000
680	3	185900000	186900000
681	3	186900000	187900000
682	3	187900000	188900000
683	3	188900000	189900000
684	3	189900000	190900000
685	3	190900000	191900000
686	3	191900000	192900000
687	3	192900000	193900000
688	3	193900000	194900000
689	3	194900000	195900000
690	3	195900000	196900000
691	3	196900000	197900000
692	3	197900000	198295559
693	4	0	1e+06
694	4	1e+06	2e+06
695	4	2e+06	3e+06
696	4	3e+06	4e+06
697	4	4e+06	5e+06
698	4	5e+06	6e+06
699	4	6e+06	7e+06
700	4	7e+06	8e+06
701	4	8e+06	9e+06
702	4	9e+06	1e+07
703	4	1e+07	1.1e+07
704	4	1.1e+07	1.2e+07
705	4	1.2e+07	1.3e+07
706	4	1.3e+07	1.4e+07
707	4	1.4e+07	1.5e+07
708	4	1.5e+07	1.6e+07
709	4	1.6e+07	1.7e+07
710	4	1.7e+07	1.8e+07
711	4	1.8e+07	1.9e+07
712	4	1.9e+07	2e+07
713	4	2e+07	2.1e+07
714	4	2.1e+07	2.2e+07
715	4	2.2e+07	2.3e+07
716	4	2.3e+07	2.4e+07
717	4	2.4e+07	2.5e+07
718	4	2.5e+07	2.6e+07
719	4	2.6e+07	2.7e+07
720	4	2.7e+07	2.8e+07
721	4	2.8e+07	2.9e+07
722	4	2.9e+07	3e+07
723	4	3e+07	3.1e+07
724	4	3.1e+07	3.2e+07
725	4	3.2e+07	3.3e+07
726	4	3.3e+07	3.4e+07
727	4	3.4e+07	3.5e+07
728	4	3.5e+07	3.6e+07
729	4	3.6e+07	3.7e+07
730	4	3.7e+07	3.8e+07
731	4	3.8e+07	3.9e+07
732	4	3.9e+07	4e+07
733	4	4e+07	4.1e+07
734	4	4.1e+07	4.2e+07
735	4	4.2e+07	4.3e+07
736	4	4.3e+07	4.4e+07
737	4	4.4e+07	4.5e+07
738	4	4.5e+07	4.6e+07
739	4	4.6e+07	4.7e+07
740	4	4.7e+07	4.8e+07
741	4	4.8e+07	4.9e+07
742	4	4.9e+07	5e+07
743	4	5e+07	5.1e+07
744	4	5.1e+07	5.2e+07
745	4	5.2e+07	5.3e+07
746	4	5.3e+07	5.4e+07
747	4	5.4e+07	5.5e+07
748	4	5.5e+07	5.6e+07
749	4	5.6e+07	5.7e+07
750	4	5.7e+07	5.8e+07
751	4	5.8e+07	5.9e+07
752	4	5.9e+07	6e+07
753	4	6e+07	6.1e+07
754	4	6.1e+07	6.2e+07
755	4	6.2e+07	6.3e+07
756	4	6.3e+07	6.4e+07
757	4	6.4e+07	6.5e+07
758	4	6.5e+07	6.6e+07
759	4	6.6e+07	6.7e+07
760	4	6.7e+07	6.8e+07
761	4	6.8e+07	6.9e+07
762	4	6.9e+07	7e+07
763	4	7e+07	7.1e+07
764	4	7.1e+07	7.2e+07
765	4	7.2e+07	7.3e+07
766	4	7.3e+07	7.4e+07
767	4	7.4e+07	7.5e+07
768	4	7.5e+07	7.6e+07
769	4	7.6e+07	7.7e+07
770	4	7.7e+07	7.8e+07
771	4	7.8e+07	7.9e+07
772	4	7.9e+07	8e+07
773	4	8e+07	8.1e+07
774	4	8.1e+07	8.2e+07
775	4	8.2e+07	8.3e+07
776	4	8.3e+07	8.4e+07
777	4	8.4e+07	8.5e+07
778	4	8.5e+07	8.6e+07
779	4	8.6e+07	8.7e+07
780	4	8.7e+07	8.8e+07
781	4	8.8e+07	8.9e+07
782	4	8.9e+07	9e+07
783	4	9e+07	9.1e+07
784	4	9.1e+07	9.2e+07
785	4	9.2e+07	9.3e+07
786	4	9.3e+07	9.4e+07
787	4	9.4e+07	9.5e+07
788	4	9.5e+07	9.6e+07
789	4	9.6e+07	9.7e+07
790	4	9.7e+07	9.8e+07
791	4	9.8e+07	9.9e+07
792	4	9.9e+07	1e+08
793	4	1e+08	1.01e+08
794	4	1.01e+08	1.02e+08
795	4	1.02e+08	1.03e+08
796	4	1.03e+08	1.04e+08
797	4	1.04e+08	1.05e+08
798	4	1.05e+08	1.06e+08
799	4	1.06e+08	1.07e+08
800	4	1.07e+08	1.08e+08
801	4	1.08e+08	1.09e+08
802	4	1.09e+08	1.1e+08
803	4	1.1e+08	1.11e+08
804	4	1.11e+08	1.12e+08
805	4	1.12e+08	1.13e+08
806	4	1.13e+08	1.14e+08
807	4	1.14e+08	1.15e+08
808	4	1.15e+08	1.16e+08
809	4	1.16e+08	1.17e+08
810	4	1.17e+08	1.18e+08
811	4	1.18e+08	1.19e+08
812	4	1.19e+08	1.2e+08
813	4	1.2e+08	1.21e+08
814	4	1.21e+08	1.22e+08
815	4	1.22e+08	1.23e+08
816	4	1.23e+08	1.24e+08
817	4	1.24e+08	1.25e+08
818	4	1.25e+08	1.26e+08
819	4	1.26e+08	1.27e+08
820	4	1.27e+08	1.28e+08
821	4	1.28e+08	1.29e+08
822	4	1.29e+08	1.3e+08
823	4	1.3e+08	1.31e+08
824	4	1.31e+08	1.32e+08
825	4	1.32e+08	1.33e+08
826	4	1.33e+08	1.34e+08
827	4	1.34e+08	1.35e+08
828	4	1.35e+08	1.36e+08
829	4	1.36e+08	1.37e+08
830	4	1.37e+08	1.38e+08
831	4	1.38e+08	1.39e+08
832	4	1.39e+08	1.4e+08
833	4	1.4e+08	1.41e+08
834	4	1.41e+08	1.42e+08
835	4	1.42e+08	1.43e+08
836	4	1.43e+08	1.44e+08
837	4	1.44e+08	1.45e+08
838	4	1.45e+08	1.46e+08
839	4	1.46e+08	1.47e+08
840	4	1.47e+08	1.48e+08
841	4	1.48e+08	1.49e+08
842	4	1.49e+08	1.5e+08
843	4	1.5e+08	1.51e+08
844	4	1.51e+08	1.52e+08
845	4	1.52e+08	1.53e+08
846	4	1.53e+08	1.54e+08
847	4	1.54e+08	1.55e+08
848	4	1.55e+08	1.56e+08
849	4	1.56e+08	1.57e+08
850	4	1.57e+08	1.58e+08
851	4	1.58e+08	1.59e+08
852	4	1.59e+08	1.6e+08
853	4	1.6e+08	1.61e+08
854	4	1.61e+08	1.62e+08
855	4	1.62e+08	1.63e+08
856	4	1.63e+08	1.64e+08
857	4	1.64e+08	1.65e+08
858	4	1.65e+08	1.66e+08
859	4	1.66e+08	1.67e+08
860	4	1.67e+08	1.68e+08
861	4	1.68e+08	1.69e+08
862	4	1.69e+08	1.7e+08
863	4	1.7e+08	1.71e+08
864	4	1.71e+08	1.72e+08
865	4	1.72e+08	1.73e+08
866	4	1.73e+08	1.74e+08
867	4	1.74e+08	1.75e+08
868	4	1.75e+08	1.76e+08
869	4	1.76e+08	1.77e+08
870	4	1.77e+08	1.78e+08
871	4	1.78e+08	1.79e+08
872	4	1.79e+08	1.8e+08
873	4	1.8e+08	1.81e+08
874	4	1.81e+08	1.82e+08
875	4	1.82e+08	1.83e+08
876	4	1.83e+08	1.84e+08
877	4	1.84e+08	1.85e+08
878	4	1.85e+08	1.86e+08
879	4	1.86e+08	1.87e+08
880	4	1.87e+08	1.88e+08
881	4	1.88e+08	1.89e+08
882	4	1.89e+08	1.9e+08
883	4	1.9e+08	190214555
884	5	0	8e+05
885	5	8e+05	1800000
886	5	1800000	2800000
887	5	2800000	3800000
888	5	3800000	4800000
889	5	4800000	5800000
890	5	5800000	6800000
891	5	6800000	7800000
892	5	7800000	8800000
893	5	8800000	9800000
894	5	9800000	10800000
895	5	10800000	11800000
896	5	11800000	12800000
897	5	12800000	13800000
898	5	13800000	14800000
899	5	14800000	15800000
900	5	15800000	16800000
901	5	16800000	17800000
902	5	17800000	18800000
903	5	18800000	19800000
904	5	19800000	20800000
905	5	20800000	21800000
906	5	21800000	22800000
907	5	22800000	23800000
908	5	23800000	24800000
909	5	24800000	25800000
910	5	25800000	26800000
911	5	26800000	27800000
912	5	27800000	28800000
913	5	28800000	29800000
914	5	29800000	30800000
915	5	30800000	31800000
916	5	31800000	32800000
917	5	32800000	33800000
918	5	33800000	34800000
919	5	34800000	35800000
920	5	35800000	36800000
921	5	36800000	37800000
922	5	37800000	38800000
923	5	38800000	39800000
924	5	39800000	40800000
925	5	40800000	41800000
926	5	41800000	42800000
927	5	42800000	43800000
928	5	43800000	44800000
929	5	44800000	45800000
930	5	45800000	46800000
931	5	46800000	47800000
932	5	47800000	48800000
933	5	48800000	49800000
934	5	49800000	50800000
935	5	50800000	51800000
936	5	51800000	52800000
937	5	52800000	53800000
938	5	53800000	54800000
939	5	54800000	55800000
940	5	55800000	56800000
941	5	56800000	57800000
942	5	57800000	58800000
943	5	58800000	59800000
944	5	59800000	60800000
945	5	60800000	61800000
946	5	61800000	62800000
947	5	62800000	63800000
948	5	63800000	64800000
949	5	64800000	65800000
950	5	65800000	66800000
951	5	66800000	67800000
952	5	67800000	68800000
953	5	68800000	69800000
954	5	69800000	70800000
955	5	70800000	71800000
956	5	71800000	72800000
957	5	72800000	73800000
958	5	73800000	74800000
959	5	74800000	75800000
960	5	75800000	76800000
961	5	76800000	77800000
962	5	77800000	78800000
963	5	78800000	79800000
964	5	79800000	80800000
965	5	80800000	81800000
966	5	81800000	82800000
967	5	82800000	83800000
968	5	83800000	84800000
969	5	84800000	85800000
970	5	85800000	86800000
971	5	86800000	87800000
972	5	87800000	88800000
973	5	88800000	89800000
974	5	89800000	90800000
975	5	90800000	91800000
976	5	91800000	92800000
977	5	92800000	93800000
978	5	93800000	94800000
979	5	94800000	95800000
980	5	95800000	96800000
981	5	96800000	97800000
982	5	97800000	98800000
983	5	98800000	99800000
984	5	99800000	100800000
985	5	100800000	101800000
986	5	101800000	102800000
987	5	102800000	103800000
988	5	103800000	104800000
989	5	104800000	105800000
990	5	105800000	106800000
991	5	106800000	107800000
992	5	107800000	108800000
993	5	108800000	109800000
994	5	109800000	110800000
995	5	110800000	111800000
996	5	111800000	112800000
997	5	112800000	113800000
998	5	113800000	114800000
999	5	114800000	115800000
1000	5	115800000	116800000
1001	5	116800000	117800000
1002	5	117800000	118800000
1003	5	118800000	119800000
1004	5	119800000	120800000
1005	5	120800000	121800000
1006	5	121800000	122800000
1007	5	122800000	123800000
1008	5	123800000	124800000
1009	5	124800000	125800000
1010	5	125800000	126800000
1011	5	126800000	127800000
1012	5	127800000	128800000
1013	5	128800000	129800000
1014	5	129800000	130800000
1015	5	130800000	131800000
1016	5	131800000	132800000
1017	5	132800000	133800000
1018	5	133800000	134800000
1019	5	134800000	135800000
1020	5	135800000	136800000
1021	5	136800000	137800000
1022	5	137800000	138800000
1023	5	138800000	139800000
1024	5	139800000	140800000
1025	5	140800000	141800000
1026	5	141800000	142800000
1027	5	142800000	143800000
1028	5	143800000	144800000
1029	5	144800000	145800000
1030	5	145800000	146800000
1031	5	146800000	147800000
1032	5	147800000	148800000
1033	5	148800000	149800000
1034	5	149800000	150800000
1035	5	150800000	151800000
1036	5	151800000	152800000
1037	5	152800000	153800000
1038	5	153800000	154800000
1039	5	154800000	155800000
1040	5	155800000	156800000
1041	5	156800000	157800000
1042	5	157800000	158800000
1043	5	158800000	159800000
1044	5	159800000	160800000
1045	5	160800000	161800000
1046	5	161800000	162800000
1047	5	162800000	163800000
1048	5	163800000	164800000
1049	5	164800000	165800000
1050	5	165800000	166800000
1051	5	166800000	167800000
1052	5	167800000	168800000
1053	5	168800000	169800000
1054	5	169800000	170800000
1055	5	170800000	171800000
1056	5	171800000	172800000
1057	5	172800000	173800000
1058	5	173800000	174800000
1059	5	174800000	175800000
1060	5	175800000	176800000
1061	5	176800000	177800000
1062	5	177800000	178800000
1063	5	178800000	179800000
1064	5	179800000	180800000
1065	5	180800000	181538259
1066	6	0	8e+05
1067	6	8e+05	1800000
1068	6	1800000	2800000
1069	6	2800000	3800000
1070	6	3800000	4800000
1071	6	4800000	5800000
1072	6	5800000	6800000
1073	6	6800000	7800000
1074	6	7800000	8800000
1075	6	8800000	9800000
1076	6	9800000	10800000
1077	6	10800000	11800000
1078	6	11800000	12800000
1079	6	12800000	13800000
1080	6	13800000	14800000
1081	6	14800000	15800000
1082	6	15800000	16800000
1083	6	16800000	17800000
1084	6	17800000	18800000
1085	6	18800000	19800000
1086	6	19800000	20800000
1087	6	20800000	21800000
1088	6	21800000	22800000
1089	6	22800000	23800000
1090	6	23800000	24800000
1091	6	24800000	25800000
1092	6	25800000	26800000
1093	6	26800000	27800000
1094	6	27800000	28800000
1095	6	28800000	29800000
1096	6	29800000	30800000
1097	6	30800000	31800000
1098	6	31800000	32800000
1099	6	32800000	33800000
1100	6	33800000	34800000
1101	6	34800000	35800000
1102	6	35800000	36800000
1103	6	36800000	37800000
1104	6	37800000	38800000
1105	6	38800000	39800000
1106	6	39800000	40800000
1107	6	40800000	41800000
1108	6	41800000	42800000
1109	6	42800000	43800000
1110	6	43800000	44800000
1111	6	44800000	45800000
1112	6	45800000	46800000
1113	6	46800000	47800000
1114	6	47800000	48800000
1115	6	48800000	49800000
1116	6	49800000	50800000
1117	6	50800000	51800000
1118	6	51800000	52800000
1119	6	52800000	53800000
1120	6	53800000	54800000
1121	6	54800000	55800000
1122	6	55800000	56800000
1123	6	56800000	57800000
1124	6	57800000	58800000
1125	6	58800000	59800000
1126	6	59800000	60800000
1127	6	60800000	61800000
1128	6	61800000	62800000
1129	6	62800000	63800000
1130	6	63800000	64800000
1131	6	64800000	65800000
1132	6	65800000	66800000
1133	6	66800000	67800000
1134	6	67800000	68800000
1135	6	68800000	69800000
1136	6	69800000	70800000
1137	6	70800000	71800000
1138	6	71800000	72800000
1139	6	72800000	73800000
1140	6	73800000	74800000
1141	6	74800000	75800000
1142	6	75800000	76800000
1143	6	76800000	77800000
1144	6	77800000	78800000
1145	6	78800000	79800000
1146	6	79800000	80800000
1147	6	80800000	81800000
1148	6	81800000	82800000
1149	6	82800000	83800000
1150	6	83800000	84800000
1151	6	84800000	85800000
1152	6	85800000	86800000
1153	6	86800000	87800000
1154	6	87800000	88800000
1155	6	88800000	89800000
1156	6	89800000	90800000
1157	6	90800000	91800000
1158	6	91800000	92800000
1159	6	92800000	93800000
1160	6	93800000	94800000
1161	6	94800000	95800000
1162	6	95800000	96800000
1163	6	96800000	97800000
1164	6	97800000	98800000
1165	6	98800000	99800000
1166	6	99800000	100800000
1167	6	100800000	101800000
1168	6	101800000	102800000
1169	6	102800000	103800000
1170	6	103800000	104800000
1171	6	104800000	105800000
1172	6	105800000	106800000
1173	6	106800000	107800000
1174	6	107800000	108800000
1175	6	108800000	109800000
1176	6	109800000	110800000
1177	6	110800000	111800000
1178	6	111800000	112800000
1179	6	112800000	113800000
1180	6	113800000	114800000
1181	6	114800000	115800000
1182	6	115800000	116800000
1183	6	116800000	117800000
1184	6	117800000	118800000
1185	6	118800000	119800000
1186	6	119800000	120800000
1187	6	120800000	121800000
1188	6	121800000	122800000
1189	6	122800000	123800000
1190	6	123800000	124800000
1191	6	124800000	125800000
1192	6	125800000	126800000
1193	6	126800000	127800000
1194	6	127800000	128800000
1195	6	128800000	129800000
1196	6	129800000	130800000
1197	6	130800000	131800000
1198	6	131800000	132800000
1199	6	132800000	133800000
1200	6	133800000	134800000
1201	6	134800000	135800000
1202	6	135800000	136800000
1203	6	136800000	137800000
1204	6	137800000	138800000
1205	6	138800000	139800000
1206	6	139800000	140800000
1207	6	140800000	141800000
1208	6	141800000	142800000
1209	6	142800000	143800000
1210	6	143800000	144800000
1211	6	144800000	145800000
1212	6	145800000	146800000
1213	6	146800000	147800000
1214	6	147800000	148800000
1215	6	148800000	149800000
1216	6	149800000	150800000
1217	6	150800000	151800000
1218	6	151800000	152800000
1219	6	152800000	153800000
1220	6	153800000	154800000
1221	6	154800000	155800000
1222	6	155800000	156800000
1223	6	156800000	157800000
1224	6	157800000	158800000
1225	6	158800000	159800000
1226	6	159800000	160800000
1227	6	160800000	161800000
1228	6	161800000	162800000
1229	6	162800000	163800000
1230	6	163800000	164800000
1231	6	164800000	165800000
1232	6	165800000	166800000
1233	6	166800000	167800000
1234	6	167800000	168800000
1235	6	168800000	169800000
1236	6	169800000	170805979
1237	7	0	1e+05
1238	7	1e+05	1100000
1239	7	1100000	2100000
1240	7	2100000	3100000
1241	7	3100000	4100000
1242	7	4100000	5100000
1243	7	5100000	6100000
1244	7	6100000	7100000
1245	7	7100000	8100000
1246	7	8100000	9100000
1247	7	9100000	10100000
1248	7	10100000	11100000
1249	7	11100000	12100000
1250	7	12100000	13100000
1251	7	13100000	14100000
1252	7	14100000	15100000
1253	7	15100000	16100000
1254	7	16100000	17100000
1255	7	17100000	18100000
1256	7	18100000	19100000
1257	7	19100000	20100000
1258	7	20100000	21100000
1259	7	21100000	22100000
1260	7	22100000	23100000
1261	7	23100000	24100000
1262	7	24100000	25100000
1263	7	25100000	26100000
1264	7	26100000	27100000
1265	7	27100000	28100000
1266	7	28100000	29100000
1267	7	29100000	30100000
1268	7	30100000	31100000
1269	7	31100000	32100000
1270	7	32100000	33100000
1271	7	33100000	34100000
1272	7	34100000	35100000
1273	7	35100000	36100000
1274	7	36100000	37100000
1275	7	37100000	38100000
1276	7	38100000	39100000
1277	7	39100000	40100000
1278	7	40100000	41100000
1279	7	41100000	42100000
1280	7	42100000	43100000
1281	7	43100000	44100000
1282	7	44100000	45100000
1283	7	45100000	46100000
1284	7	46100000	47100000
1285	7	47100000	48100000
1286	7	48100000	49100000
1287	7	49100000	50100000
1288	7	50100000	51100000
1289	7	51100000	52100000
1290	7	52100000	53100000
1291	7	53100000	54100000
1292	7	54100000	55100000
1293	7	55100000	56100000
1294	7	56100000	57100000
1295	7	57100000	58100000
1296	7	58100000	59100000
1297	7	59100000	60100000
1298	7	60100000	61100000
1299	7	61100000	62100000
1300	7	62100000	63100000
1301	7	63100000	64100000
1302	7	64100000	65100000
1303	7	65100000	66100000
1304	7	66100000	67100000
1305	7	67100000	68100000
1306	7	68100000	69100000
1307	7	69100000	70100000
1308	7	70100000	71100000
1309	7	71100000	72100000
1310	7	72100000	73100000
1311	7	73100000	74100000
1312	7	74100000	75100000
1313	7	75100000	76100000
1314	7	76100000	77100000
1315	7	77100000	78100000
1316	7	78100000	79100000
1317	7	79100000	80100000
1318	7	80100000	81100000
1319	7	81100000	82100000
1320	7	82100000	83100000
1321	7	83100000	84100000
1322	7	84100000	85100000
1323	7	85100000	86100000
1324	7	86100000	87100000
1325	7	87100000	88100000
1326	7	88100000	89100000
1327	7	89100000	90100000
1328	7	90100000	91100000
1329	7	91100000	92100000
1330	7	92100000	93100000
1331	7	93100000	94100000
1332	7	94100000	95100000
1333	7	95100000	96100000
1334	7	96100000	97100000
1335	7	97100000	98100000
1336	7	98100000	99100000
1337	7	99100000	100100000
1338	7	100100000	101100000
1339	7	101100000	102100000
1340	7	102100000	103100000
1341	7	103100000	104100000
1342	7	104100000	105100000
1343	7	105100000	106100000
1344	7	106100000	107100000
1345	7	107100000	108100000
1346	7	108100000	109100000
1347	7	109100000	110100000
1348	7	110100000	111100000
1349	7	111100000	112100000
1350	7	112100000	113100000
1351	7	113100000	114100000
1352	7	114100000	115100000
1353	7	115100000	116100000
1354	7	116100000	117100000
1355	7	117100000	118100000
1356	7	118100000	119100000
1357	7	119100000	120100000
1358	7	120100000	121100000
1359	7	121100000	122100000
1360	7	122100000	123100000
1361	7	123100000	124100000
1362	7	124100000	125100000
1363	7	125100000	126100000
1364	7	126100000	127100000
1365	7	127100000	128100000
1366	7	128100000	129100000
1367	7	129100000	130100000
1368	7	130100000	131100000
1369	7	131100000	132100000
1370	7	132100000	133100000
1371	7	133100000	134100000
1372	7	134100000	135100000
1373	7	135100000	136100000
1374	7	136100000	137100000
1375	7	137100000	138100000
1376	7	138100000	139100000
1377	7	139100000	140100000
1378	7	140100000	141100000
1379	7	141100000	142100000
1380	7	142100000	143100000
1381	7	143100000	144100000
1382	7	144100000	145100000
1383	7	145100000	146100000
1384	7	146100000	147100000
1385	7	147100000	148100000
1386	7	148100000	149100000
1387	7	149100000	150100000
1388	7	150100000	151100000
1389	7	151100000	152100000
1390	7	152100000	153100000
1391	7	153100000	154100000
1392	7	154100000	155100000
1393	7	155100000	156100000
1394	7	156100000	157100000
1395	7	157100000	158100000
1396	7	158100000	159100000
1397	7	159100000	159345973
1398	8	0	2e+05
1399	8	2e+05	1200000
1400	8	1200000	2200000
1401	8	2200000	3200000
1402	8	3200000	4200000
1403	8	4200000	5200000
1404	8	5200000	6200000
1405	8	6200000	7200000
1406	8	7200000	8200000
1407	8	8200000	9200000
1408	8	9200000	10200000
1409	8	10200000	11200000
1410	8	11200000	12200000
1411	8	12200000	13200000
1412	8	13200000	14200000
1413	8	14200000	15200000
1414	8	15200000	16200000
1415	8	16200000	17200000
1416	8	17200000	18200000
1417	8	18200000	19200000
1418	8	19200000	20200000
1419	8	20200000	21200000
1420	8	21200000	22200000
1421	8	22200000	23200000
1422	8	23200000	24200000
1423	8	24200000	25200000
1424	8	25200000	26200000
1425	8	26200000	27200000
1426	8	27200000	28200000
1427	8	28200000	29200000
1428	8	29200000	30200000
1429	8	30200000	31200000
1430	8	31200000	32200000
1431	8	32200000	33200000
1432	8	33200000	34200000
1433	8	34200000	35200000
1434	8	35200000	36200000
1435	8	36200000	37200000
1436	8	37200000	38200000
1437	8	38200000	39200000
1438	8	39200000	40200000
1439	8	40200000	41200000
1440	8	41200000	42200000
1441	8	42200000	43200000
1442	8	43200000	44200000
1443	8	44200000	45200000
1444	8	45200000	46200000
1445	8	46200000	47200000
1446	8	47200000	48200000
1447	8	48200000	49200000
1448	8	49200000	50200000
1449	8	50200000	51200000
1450	8	51200000	52200000
1451	8	52200000	53200000
1452	8	53200000	54200000
1453	8	54200000	55200000
1454	8	55200000	56200000
1455	8	56200000	57200000
1456	8	57200000	58200000
1457	8	58200000	59200000
1458	8	59200000	60200000
1459	8	60200000	61200000
1460	8	61200000	62200000
1461	8	62200000	63200000
1462	8	63200000	64200000
1463	8	64200000	65200000
1464	8	65200000	66200000
1465	8	66200000	67200000
1466	8	67200000	68200000
1467	8	68200000	69200000
1468	8	69200000	70200000
1469	8	70200000	71200000
1470	8	71200000	72200000
1471	8	72200000	73200000
1472	8	73200000	74200000
1473	8	74200000	75200000
1474	8	75200000	76200000
1475	8	76200000	77200000
1476	8	77200000	78200000
1477	8	78200000	79200000
1478	8	79200000	80200000
1479	8	80200000	81200000
1480	8	81200000	82200000
1481	8	82200000	83200000
1482	8	83200000	84200000
1483	8	84200000	85200000
1484	8	85200000	86200000
1485	8	86200000	87200000
1486	8	87200000	88200000
1487	8	88200000	89200000
1488	8	89200000	90200000
1489	8	90200000	91200000
1490	8	91200000	92200000
1491	8	92200000	93200000
1492	8	93200000	94200000
1493	8	94200000	95200000
1494	8	95200000	96200000
1495	8	96200000	97200000
1496	8	97200000	98200000
1497	8	98200000	99200000
1498	8	99200000	100200000
1499	8	100200000	101200000
1500	8	101200000	102200000
1501	8	102200000	103200000
1502	8	103200000	104200000
1503	8	104200000	105200000
1504	8	105200000	106200000
1505	8	106200000	107200000
1506	8	107200000	108200000
1507	8	108200000	109200000
1508	8	109200000	110200000
1509	8	110200000	111200000
1510	8	111200000	112200000
1511	8	112200000	113200000
1512	8	113200000	114200000
1513	8	114200000	115200000
1514	8	115200000	116200000
1515	8	116200000	117200000
1516	8	117200000	118200000
1517	8	118200000	119200000
1518	8	119200000	120200000
1519	8	120200000	121200000
1520	8	121200000	122200000
1521	8	122200000	123200000
1522	8	123200000	124200000
1523	8	124200000	125200000
1524	8	125200000	126200000
1525	8	126200000	127200000
1526	8	127200000	128200000
1527	8	128200000	129200000
1528	8	129200000	130200000
1529	8	130200000	131200000
1530	8	131200000	132200000
1531	8	132200000	133200000
1532	8	133200000	134200000
1533	8	134200000	135200000
1534	8	135200000	136200000
1535	8	136200000	137200000
1536	8	137200000	138200000
1537	8	138200000	139200000
1538	8	139200000	140200000
1539	8	140200000	141200000
1540	8	141200000	142200000
1541	8	142200000	143200000
1542	8	143200000	144200000
1543	8	144200000	145138636
1544	9	0	1e+06
1545	9	1e+06	2e+06
1546	9	2e+06	3e+06
1547	9	3e+06	4e+06
1548	9	4e+06	5e+06
1549	9	5e+06	6e+06
1550	9	6e+06	7e+06
1551	9	7e+06	8e+06
1552	9	8e+06	9e+06
1553	9	9e+06	1e+07
1554	9	1e+07	1.1e+07
1555	9	1.1e+07	1.2e+07
1556	9	1.2e+07	1.3e+07
1557	9	1.3e+07	1.4e+07
1558	9	1.4e+07	1.5e+07
1559	9	1.5e+07	1.6e+07
1560	9	1.6e+07	1.7e+07
1561	9	1.7e+07	1.8e+07
1562	9	1.8e+07	1.9e+07
1563	9	1.9e+07	2e+07
1564	9	2e+07	2.1e+07
1565	9	2.1e+07	2.2e+07
1566	9	2.2e+07	2.3e+07
1567	9	2.3e+07	2.4e+07
1568	9	2.4e+07	2.5e+07
1569	9	2.5e+07	2.6e+07
1570	9	2.6e+07	2.7e+07
1571	9	2.7e+07	2.8e+07
1572	9	2.8e+07	2.9e+07
1573	9	2.9e+07	3e+07
1574	9	3e+07	3.1e+07
1575	9	3.1e+07	3.2e+07
1576	9	3.2e+07	3.3e+07
1577	9	3.3e+07	3.4e+07
1578	9	3.4e+07	3.5e+07
1579	9	3.5e+07	3.6e+07
1580	9	3.6e+07	3.7e+07
1581	9	3.7e+07	3.8e+07
1582	9	3.8e+07	3.9e+07
1583	9	3.9e+07	4e+07
1584	9	4e+07	4.1e+07
1585	9	4.1e+07	4.2e+07
1586	9	4.2e+07	4.3e+07
1587	9	4.3e+07	4.4e+07
1588	9	4.4e+07	4.5e+07
1589	9	4.5e+07	4.6e+07
1590	9	4.6e+07	4.7e+07
1591	9	4.7e+07	4.8e+07
1592	9	4.8e+07	4.9e+07
1593	9	4.9e+07	5e+07
1594	9	5e+07	5.1e+07
1595	9	5.1e+07	5.2e+07
1596	9	5.2e+07	5.3e+07
1597	9	5.3e+07	5.4e+07
1598	9	5.4e+07	5.5e+07
1599	9	5.5e+07	5.6e+07
1600	9	5.6e+07	5.7e+07
1601	9	5.7e+07	5.8e+07
1602	9	5.8e+07	5.9e+07
1603	9	5.9e+07	6e+07
1604	9	6e+07	6.1e+07
1605	9	6.1e+07	6.2e+07
1606	9	6.2e+07	6.3e+07
1607	9	6.3e+07	6.4e+07
1608	9	6.4e+07	6.5e+07
1609	9	6.5e+07	6.6e+07
1610	9	6.6e+07	6.7e+07
1611	9	6.7e+07	6.8e+07
1612	9	6.8e+07	6.9e+07
1613	9	6.9e+07	7e+07
1614	9	7e+07	7.1e+07
1615	9	7.1e+07	7.2e+07
1616	9	7.2e+07	7.3e+07
1617	9	7.3e+07	7.4e+07
1618	9	7.4e+07	7.5e+07
1619	9	7.5e+07	7.6e+07
1620	9	7.6e+07	7.7e+07
1621	9	7.7e+07	7.8e+07
1622	9	7.8e+07	7.9e+07
1623	9	7.9e+07	8e+07
1624	9	8e+07	8.1e+07
1625	9	8.1e+07	8.2e+07
1626	9	8.2e+07	8.3e+07
1627	9	8.3e+07	8.4e+07
1628	9	8.4e+07	8.5e+07
1629	9	8.5e+07	8.6e+07
1630	9	8.6e+07	8.7e+07
1631	9	8.7e+07	8.8e+07
1632	9	8.8e+07	8.9e+07
1633	9	8.9e+07	9e+07
1634	9	9e+07	9.1e+07
1635	9	9.1e+07	9.2e+07
1636	9	9.2e+07	9.3e+07
1637	9	9.3e+07	9.4e+07
1638	9	9.4e+07	9.5e+07
1639	9	9.5e+07	9.6e+07
1640	9	9.6e+07	9.7e+07
1641	9	9.7e+07	9.8e+07
1642	9	9.8e+07	9.9e+07
1643	9	9.9e+07	1e+08
1644	9	1e+08	1.01e+08
1645	9	1.01e+08	1.02e+08
1646	9	1.02e+08	1.03e+08
1647	9	1.03e+08	1.04e+08
1648	9	1.04e+08	1.05e+08
1649	9	1.05e+08	1.06e+08
1650	9	1.06e+08	1.07e+08
1651	9	1.07e+08	1.08e+08
1652	9	1.08e+08	1.09e+08
1653	9	1.09e+08	1.1e+08
1654	9	1.1e+08	1.11e+08
1655	9	1.11e+08	1.12e+08
1656	9	1.12e+08	1.13e+08
1657	9	1.13e+08	1.14e+08
1658	9	1.14e+08	1.15e+08
1659	9	1.15e+08	1.16e+08
1660	9	1.16e+08	1.17e+08
1661	9	1.17e+08	1.18e+08
1662	9	1.18e+08	1.19e+08
1663	9	1.19e+08	1.2e+08
1664	9	1.2e+08	1.21e+08
1665	9	1.21e+08	1.22e+08
1666	9	1.22e+08	1.23e+08
1667	9	1.23e+08	1.24e+08
1668	9	1.24e+08	1.25e+08
1669	9	1.25e+08	1.26e+08
1670	9	1.26e+08	1.27e+08
1671	9	1.27e+08	1.28e+08
1672	9	1.28e+08	1.29e+08
1673	9	1.29e+08	1.3e+08
1674	9	1.3e+08	1.31e+08
1675	9	1.31e+08	1.32e+08
1676	9	1.32e+08	1.33e+08
1677	9	1.33e+08	1.34e+08
1678	9	1.34e+08	1.35e+08
1679	9	1.35e+08	1.36e+08
1680	9	1.36e+08	1.37e+08
1681	9	1.37e+08	1.38e+08
1682	9	1.38e+08	138394717
1683	10	0	8e+05
1684	10	8e+05	1800000
1685	10	1800000	2800000
1686	10	2800000	3800000
1687	10	3800000	4800000
1688	10	4800000	5800000
1689	10	5800000	6800000
1690	10	6800000	7800000
1691	10	7800000	8800000
1692	10	8800000	9800000
1693	10	9800000	10800000
1694	10	10800000	11800000
1695	10	11800000	12800000
1696	10	12800000	13800000
1697	10	13800000	14800000
1698	10	14800000	15800000
1699	10	15800000	16800000
1700	10	16800000	17800000
1701	10	17800000	18800000
1702	10	18800000	19800000
1703	10	19800000	20800000
1704	10	20800000	21800000
1705	10	21800000	22800000
1706	10	22800000	23800000
1707	10	23800000	24800000
1708	10	24800000	25800000
1709	10	25800000	26800000
1710	10	26800000	27800000
1711	10	27800000	28800000
1712	10	28800000	29800000
1713	10	29800000	30800000
1714	10	30800000	31800000
1715	10	31800000	32800000
1716	10	32800000	33800000
1717	10	33800000	34800000
1718	10	34800000	35800000
1719	10	35800000	36800000
1720	10	36800000	37800000
1721	10	37800000	38800000
1722	10	38800000	39800000
1723	10	39800000	40800000
1724	10	40800000	41800000
1725	10	41800000	42800000
1726	10	42800000	43800000
1727	10	43800000	44800000
1728	10	44800000	45800000
1729	10	45800000	46800000
1730	10	46800000	47800000
1731	10	47800000	48800000
1732	10	48800000	49800000
1733	10	49800000	50800000
1734	10	50800000	51800000
1735	10	51800000	52800000
1736	10	52800000	53800000
1737	10	53800000	54800000
1738	10	54800000	55800000
1739	10	55800000	56800000
1740	10	56800000	57800000
1741	10	57800000	58800000
1742	10	58800000	59800000
1743	10	59800000	60800000
1744	10	60800000	61800000
1745	10	61800000	62800000
1746	10	62800000	63800000
1747	10	63800000	64800000
1748	10	64800000	65800000
1749	10	65800000	66800000
1750	10	66800000	67800000
1751	10	67800000	68800000
1752	10	68800000	69800000
1753	10	69800000	70800000
1754	10	70800000	71800000
1755	10	71800000	72800000
1756	10	72800000	73800000
1757	10	73800000	74800000
1758	10	74800000	75800000
1759	10	75800000	76800000
1760	10	76800000	77800000
1761	10	77800000	78800000
1762	10	78800000	79800000
1763	10	79800000	80800000
1764	10	80800000	81800000
1765	10	81800000	82800000
1766	10	82800000	83800000
1767	10	83800000	84800000
1768	10	84800000	85800000
1769	10	85800000	86800000
1770	10	86800000	87800000
1771	10	87800000	88800000
1772	10	88800000	89800000
1773	10	89800000	90800000
1774	10	90800000	91800000
1775	10	91800000	92800000
1776	10	92800000	93800000
1777	10	93800000	94800000
1778	10	94800000	95800000
1779	10	95800000	96800000
1780	10	96800000	97800000
1781	10	97800000	98800000
1782	10	98800000	99800000
1783	10	99800000	100800000
1784	10	100800000	101800000
1785	10	101800000	102800000
1786	10	102800000	103800000
1787	10	103800000	104800000
1788	10	104800000	105800000
1789	10	105800000	106800000
1790	10	106800000	107800000
1791	10	107800000	108800000
1792	10	108800000	109800000
1793	10	109800000	110800000
1794	10	110800000	111800000
1795	10	111800000	112800000
1796	10	112800000	113800000
1797	10	113800000	114800000
1798	10	114800000	115800000
1799	10	115800000	116800000
1800	10	116800000	117800000
1801	10	117800000	118800000
1802	10	118800000	119800000
1803	10	119800000	120800000
1804	10	120800000	121800000
1805	10	121800000	122800000
1806	10	122800000	123800000
1807	10	123800000	124800000
1808	10	124800000	125800000
1809	10	125800000	126800000
1810	10	126800000	127800000
1811	10	127800000	128800000
1812	10	128800000	129800000
1813	10	129800000	130800000
1814	10	130800000	131800000
1815	10	131800000	132800000
1816	10	132800000	133797422
1817	11	0	4e+05
1818	11	4e+05	1400000
1819	11	1400000	2400000
1820	11	2400000	3400000
1821	11	3400000	4400000
1822	11	4400000	5400000
1823	11	5400000	6400000
1824	11	6400000	7400000
1825	11	7400000	8400000
1826	11	8400000	9400000
1827	11	9400000	10400000
1828	11	10400000	11400000
1829	11	11400000	12400000
1830	11	12400000	13400000
1831	11	13400000	14400000
1832	11	14400000	15400000
1833	11	15400000	16400000
1834	11	16400000	17400000
1835	11	17400000	18400000
1836	11	18400000	19400000
1837	11	19400000	20400000
1838	11	20400000	21400000
1839	11	21400000	22400000
1840	11	22400000	23400000
1841	11	23400000	24400000
1842	11	24400000	25400000
1843	11	25400000	26400000
1844	11	26400000	27400000
1845	11	27400000	28400000
1846	11	28400000	29400000
1847	11	29400000	30400000
1848	11	30400000	31400000
1849	11	31400000	32400000
1850	11	32400000	33400000
1851	11	33400000	34400000
1852	11	34400000	35400000
1853	11	35400000	36400000
1854	11	36400000	37400000
1855	11	37400000	38400000
1856	11	38400000	39400000
1857	11	39400000	40400000
1858	11	40400000	41400000
1859	11	41400000	42400000
1860	11	42400000	43400000
1861	11	43400000	44400000
1862	11	44400000	45400000
1863	11	45400000	46400000
1864	11	46400000	47400000
1865	11	47400000	48400000
1866	11	48400000	49400000
1867	11	49400000	50400000
1868	11	50400000	51400000
1869	11	51400000	52400000
1870	11	52400000	53400000
1871	11	53400000	54400000
1872	11	54400000	55400000
1873	11	55400000	56400000
1874	11	56400000	57400000
1875	11	57400000	58400000
1876	11	58400000	59400000
1877	11	59400000	60400000
1878	11	60400000	61400000
1879	11	61400000	62400000
1880	11	62400000	63400000
1881	11	63400000	64400000
1882	11	64400000	65400000
1883	11	65400000	66400000
1884	11	66400000	67400000
1885	11	67400000	68400000
1886	11	68400000	69400000
1887	11	69400000	70400000
1888	11	70400000	71400000
1889	11	71400000	72400000
1890	11	72400000	73400000
1891	11	73400000	74400000
1892	11	74400000	75400000
1893	11	75400000	76400000
1894	11	76400000	77400000
1895	11	77400000	78400000
1896	11	78400000	79400000
1897	11	79400000	80400000
1898	11	80400000	81400000
1899	11	81400000	82400000
1900	11	82400000	83400000
1901	11	83400000	84400000
1902	11	84400000	85400000
1903	11	85400000	86400000
1904	11	86400000	87400000
1905	11	87400000	88400000
1906	11	88400000	89400000
1907	11	89400000	90400000
1908	11	90400000	91400000
1909	11	91400000	92400000
1910	11	92400000	93400000
1911	11	93400000	94400000
1912	11	94400000	95400000
1913	11	95400000	96400000
1914	11	96400000	97400000
1915	11	97400000	98400000
1916	11	98400000	99400000
1917	11	99400000	100400000
1918	11	100400000	101400000
1919	11	101400000	102400000
1920	11	102400000	103400000
1921	11	103400000	104400000
1922	11	104400000	105400000
1923	11	105400000	106400000
1924	11	106400000	107400000
1925	11	107400000	108400000
1926	11	108400000	109400000
1927	11	109400000	110400000
1928	11	110400000	111400000
1929	11	111400000	112400000
1930	11	112400000	113400000
1931	11	113400000	114400000
1932	11	114400000	115400000
1933	11	115400000	116400000
1934	11	116400000	117400000
1935	11	117400000	118400000
1936	11	118400000	119400000
1937	11	119400000	120400000
1938	11	120400000	121400000
1939	11	121400000	122400000
1940	11	122400000	123400000
1941	11	123400000	124400000
1942	11	124400000	125400000
1943	11	125400000	126400000
1944	11	126400000	127400000
1945	11	127400000	128400000
1946	11	128400000	129400000
1947	11	129400000	130400000
1948	11	130400000	131400000
1949	11	131400000	132400000
1950	11	132400000	133400000
1951	11	133400000	134400000
1952	11	134400000	135086622
1953	12	0	5e+05
1954	12	5e+05	1500000
1955	12	1500000	2500000
1956	12	2500000	3500000
1957	12	3500000	4500000
1958	12	4500000	5500000
1959	12	5500000	6500000
1960	12	6500000	7500000
1961	12	7500000	8500000
1962	12	8500000	9500000
1963	12	9500000	10500000
1964	12	10500000	11500000
1965	12	11500000	12500000
1966	12	12500000	13500000
1967	12	13500000	14500000
1968	12	14500000	15500000
1969	12	15500000	16500000
1970	12	16500000	17500000
1971	12	17500000	18500000
1972	12	18500000	19500000
1973	12	19500000	20500000
1974	12	20500000	21500000
1975	12	21500000	22500000
1976	12	22500000	23500000
1977	12	23500000	24500000
1978	12	24500000	25500000
1979	12	25500000	26500000
1980	12	26500000	27500000
1981	12	27500000	28500000
1982	12	28500000	29500000
1983	12	29500000	30500000
1984	12	30500000	31500000
1985	12	31500000	32500000
1986	12	32500000	33500000
1987	12	33500000	34500000
1988	12	34500000	35500000
1989	12	35500000	36500000
1990	12	36500000	37500000
1991	12	37500000	38500000
1992	12	38500000	39500000
1993	12	39500000	40500000
1994	12	40500000	41500000
1995	12	41500000	42500000
1996	12	42500000	43500000
1997	12	43500000	44500000
1998	12	44500000	45500000
1999	12	45500000	46500000
2000	12	46500000	47500000
2001	12	47500000	48500000
2002	12	48500000	49500000
2003	12	49500000	50500000
2004	12	50500000	51500000
2005	12	51500000	52500000
2006	12	52500000	53500000
2007	12	53500000	54500000
2008	12	54500000	55500000
2009	12	55500000	56500000
2010	12	56500000	57500000
2011	12	57500000	58500000
2012	12	58500000	59500000
2013	12	59500000	60500000
2014	12	60500000	61500000
2015	12	61500000	62500000
2016	12	62500000	63500000
2017	12	63500000	64500000
2018	12	64500000	65500000
2019	12	65500000	66500000
2020	12	66500000	67500000
2021	12	67500000	68500000
2022	12	68500000	69500000
2023	12	69500000	70500000
2024	12	70500000	71500000
2025	12	71500000	72500000
2026	12	72500000	73500000
2027	12	73500000	74500000
2028	12	74500000	75500000
2029	12	75500000	76500000
2030	12	76500000	77500000
2031	12	77500000	78500000
2032	12	78500000	79500000
2033	12	79500000	80500000
2034	12	80500000	81500000
2035	12	81500000	82500000
2036	12	82500000	83500000
2037	12	83500000	84500000
2038	12	84500000	85500000
2039	12	85500000	86500000
2040	12	86500000	87500000
2041	12	87500000	88500000
2042	12	88500000	89500000
2043	12	89500000	90500000
2044	12	90500000	91500000
2045	12	91500000	92500000
2046	12	92500000	93500000
2047	12	93500000	94500000
2048	12	94500000	95500000
2049	12	95500000	96500000
2050	12	96500000	97500000
2051	12	97500000	98500000
2052	12	98500000	99500000
2053	12	99500000	100500000
2054	12	100500000	101500000
2055	12	101500000	102500000
2056	12	102500000	103500000
2057	12	103500000	104500000
2058	12	104500000	105500000
2059	12	105500000	106500000
2060	12	106500000	107500000
2061	12	107500000	108500000
2062	12	108500000	109500000
2063	12	109500000	110500000
2064	12	110500000	111500000
2065	12	111500000	112500000
2066	12	112500000	113500000
2067	12	113500000	114500000
2068	12	114500000	115500000
2069	12	115500000	116500000
2070	12	116500000	117500000
2071	12	117500000	118500000
2072	12	118500000	119500000
2073	12	119500000	120500000
2074	12	120500000	121500000
2075	12	121500000	122500000
2076	12	122500000	123500000
2077	12	123500000	124500000
2078	12	124500000	125500000
2079	12	125500000	126500000
2080	12	126500000	127500000
2081	12	127500000	128500000
2082	12	128500000	129500000
2083	12	129500000	130500000
2084	12	130500000	131500000
2085	12	131500000	132500000
2086	12	132500000	133275309
2087	13	0	7e+05
2088	13	7e+05	1700000
2089	13	1700000	2700000
2090	13	2700000	3700000
2091	13	3700000	4700000
2092	13	4700000	5700000
2093	13	5700000	6700000
2094	13	6700000	7700000
2095	13	7700000	8700000
2096	13	8700000	9700000
2097	13	9700000	10700000
2098	13	10700000	11700000
2099	13	11700000	12700000
2100	13	12700000	13700000
2101	13	13700000	14700000
2102	13	14700000	15700000
2103	13	15700000	16700000
2104	13	16700000	17700000
2105	13	17700000	18700000
2106	13	18700000	19700000
2107	13	19700000	20700000
2108	13	20700000	21700000
2109	13	21700000	22700000
2110	13	22700000	23700000
2111	13	23700000	24700000
2112	13	24700000	25700000
2113	13	25700000	26700000
2114	13	26700000	27700000
2115	13	27700000	28700000
2116	13	28700000	29700000
2117	13	29700000	30700000
2118	13	30700000	31700000
2119	13	31700000	32700000
2120	13	32700000	33700000
2121	13	33700000	34700000
2122	13	34700000	35700000
2123	13	35700000	36700000
2124	13	36700000	37700000
2125	13	37700000	38700000
2126	13	38700000	39700000
2127	13	39700000	40700000
2128	13	40700000	41700000
2129	13	41700000	42700000
2130	13	42700000	43700000
2131	13	43700000	44700000
2132	13	44700000	45700000
2133	13	45700000	46700000
2134	13	46700000	47700000
2135	13	47700000	48700000
2136	13	48700000	49700000
2137	13	49700000	50700000
2138	13	50700000	51700000
2139	13	51700000	52700000
2140	13	52700000	53700000
2141	13	53700000	54700000
2142	13	54700000	55700000
2143	13	55700000	56700000
2144	13	56700000	57700000
2145	13	57700000	58700000
2146	13	58700000	59700000
2147	13	59700000	60700000
2148	13	60700000	61700000
2149	13	61700000	62700000
2150	13	62700000	63700000
2151	13	63700000	64700000
2152	13	64700000	65700000
2153	13	65700000	66700000
2154	13	66700000	67700000
2155	13	67700000	68700000
2156	13	68700000	69700000
2157	13	69700000	70700000
2158	13	70700000	71700000
2159	13	71700000	72700000
2160	13	72700000	73700000
2161	13	73700000	74700000
2162	13	74700000	75700000
2163	13	75700000	76700000
2164	13	76700000	77700000
2165	13	77700000	78700000
2166	13	78700000	79700000
2167	13	79700000	80700000
2168	13	80700000	81700000
2169	13	81700000	82700000
2170	13	82700000	83700000
2171	13	83700000	84700000
2172	13	84700000	85700000
2173	13	85700000	86700000
2174	13	86700000	87700000
2175	13	87700000	88700000
2176	13	88700000	89700000
2177	13	89700000	90700000
2178	13	90700000	91700000
2179	13	91700000	92700000
2180	13	92700000	93700000
2181	13	93700000	94700000
2182	13	94700000	95700000
2183	13	95700000	96700000
2184	13	96700000	97700000
2185	13	97700000	98700000
2186	13	98700000	99700000
2187	13	99700000	100700000
2188	13	100700000	101700000
2189	13	101700000	102700000
2190	13	102700000	103700000
2191	13	103700000	104700000
2192	13	104700000	105700000
2193	13	105700000	106700000
2194	13	106700000	107700000
2195	13	107700000	108700000
2196	13	108700000	109700000
2197	13	109700000	110700000
2198	13	110700000	111700000
2199	13	111700000	112700000
2200	13	112700000	113700000
2201	13	113700000	114364328
2202	14	0	2e+05
2203	14	2e+05	1200000
2204	14	1200000	2200000
2205	14	2200000	3200000
2206	14	3200000	4200000
2207	14	4200000	5200000
2208	14	5200000	6200000
2209	14	6200000	7200000
2210	14	7200000	8200000
2211	14	8200000	9200000
2212	14	9200000	10200000
2213	14	10200000	11200000
2214	14	11200000	12200000
2215	14	12200000	13200000
2216	14	13200000	14200000
2217	14	14200000	15200000
2218	14	15200000	16200000
2219	14	16200000	17200000
2220	14	17200000	18200000
2221	14	18200000	19200000
2222	14	19200000	20200000
2223	14	20200000	21200000
2224	14	21200000	22200000
2225	14	22200000	23200000
2226	14	23200000	24200000
2227	14	24200000	25200000
2228	14	25200000	26200000
2229	14	26200000	27200000
2230	14	27200000	28200000
2231	14	28200000	29200000
2232	14	29200000	30200000
2233	14	30200000	31200000
2234	14	31200000	32200000
2235	14	32200000	33200000
2236	14	33200000	34200000
2237	14	34200000	35200000
2238	14	35200000	36200000
2239	14	36200000	37200000
2240	14	37200000	38200000
2241	14	38200000	39200000
2242	14	39200000	40200000
2243	14	40200000	41200000
2244	14	41200000	42200000
2245	14	42200000	43200000
2246	14	43200000	44200000
2247	14	44200000	45200000
2248	14	45200000	46200000
2249	14	46200000	47200000
2250	14	47200000	48200000
2251	14	48200000	49200000
2252	14	49200000	50200000
2253	14	50200000	51200000
2254	14	51200000	52200000
2255	14	52200000	53200000
2256	14	53200000	54200000
2257	14	54200000	55200000
2258	14	55200000	56200000
2259	14	56200000	57200000
2260	14	57200000	58200000
2261	14	58200000	59200000
2262	14	59200000	60200000
2263	14	60200000	61200000
2264	14	61200000	62200000
2265	14	62200000	63200000
2266	14	63200000	64200000
2267	14	64200000	65200000
2268	14	65200000	66200000
2269	14	66200000	67200000
2270	14	67200000	68200000
2271	14	68200000	69200000
2272	14	69200000	70200000
2273	14	70200000	71200000
2274	14	71200000	72200000
2275	14	72200000	73200000
2276	14	73200000	74200000
2277	14	74200000	75200000
2278	14	75200000	76200000
2279	14	76200000	77200000
2280	14	77200000	78200000
2281	14	78200000	79200000
2282	14	79200000	80200000
2283	14	80200000	81200000
2284	14	81200000	82200000
2285	14	82200000	83200000
2286	14	83200000	84200000
2287	14	84200000	85200000
2288	14	85200000	86200000
2289	14	86200000	87200000
2290	14	87200000	88200000
2291	14	88200000	89200000
2292	14	89200000	90200000
2293	14	90200000	91200000
2294	14	91200000	92200000
2295	14	92200000	93200000
2296	14	93200000	94200000
2297	14	94200000	95200000
2298	14	95200000	96200000
2299	14	96200000	97200000
2300	14	97200000	98200000
2301	14	98200000	99200000
2302	14	99200000	100200000
2303	14	100200000	101200000
2304	14	101200000	102200000
2305	14	102200000	103200000
2306	14	103200000	104200000
2307	14	104200000	105200000
2308	14	105200000	106200000
2309	14	106200000	107043718
2310	15	0	1e+06
2311	15	1e+06	2e+06
2312	15	2e+06	3e+06
2313	15	3e+06	4e+06
2314	15	4e+06	5e+06
2315	15	5e+06	6e+06
2316	15	6e+06	7e+06
2317	15	7e+06	8e+06
2318	15	8e+06	9e+06
2319	15	9e+06	1e+07
2320	15	1e+07	1.1e+07
2321	15	1.1e+07	1.2e+07
2322	15	1.2e+07	1.3e+07
2323	15	1.3e+07	1.4e+07
2324	15	1.4e+07	1.5e+07
2325	15	1.5e+07	1.6e+07
2326	15	1.6e+07	1.7e+07
2327	15	1.7e+07	1.8e+07
2328	15	1.8e+07	1.9e+07
2329	15	1.9e+07	2e+07
2330	15	2e+07	2.1e+07
2331	15	2.1e+07	2.2e+07
2332	15	2.2e+07	2.3e+07
2333	15	2.3e+07	2.4e+07
2334	15	2.4e+07	2.5e+07
2335	15	2.5e+07	2.6e+07
2336	15	2.6e+07	2.7e+07
2337	15	2.7e+07	2.8e+07
2338	15	2.8e+07	2.9e+07
2339	15	2.9e+07	3e+07
2340	15	3e+07	3.1e+07
2341	15	3.1e+07	3.2e+07
2342	15	3.2e+07	3.3e+07
2343	15	3.3e+07	3.4e+07
2344	15	3.4e+07	3.5e+07
2345	15	3.5e+07	3.6e+07
2346	15	3.6e+07	3.7e+07
2347	15	3.7e+07	3.8e+07
2348	15	3.8e+07	3.9e+07
2349	15	3.9e+07	4e+07
2350	15	4e+07	4.1e+07
2351	15	4.1e+07	4.2e+07
2352	15	4.2e+07	4.3e+07
2353	15	4.3e+07	4.4e+07
2354	15	4.4e+07	4.5e+07
2355	15	4.5e+07	4.6e+07
2356	15	4.6e+07	4.7e+07
2357	15	4.7e+07	4.8e+07
2358	15	4.8e+07	4.9e+07
2359	15	4.9e+07	5e+07
2360	15	5e+07	5.1e+07
2361	15	5.1e+07	5.2e+07
2362	15	5.2e+07	5.3e+07
2363	15	5.3e+07	5.4e+07
2364	15	5.4e+07	5.5e+07
2365	15	5.5e+07	5.6e+07
2366	15	5.6e+07	5.7e+07
2367	15	5.7e+07	5.8e+07
2368	15	5.8e+07	5.9e+07
2369	15	5.9e+07	6e+07
2370	15	6e+07	6.1e+07
2371	15	6.1e+07	6.2e+07
2372	15	6.2e+07	6.3e+07
2373	15	6.3e+07	6.4e+07
2374	15	6.4e+07	6.5e+07
2375	15	6.5e+07	6.6e+07
2376	15	6.6e+07	6.7e+07
2377	15	6.7e+07	6.8e+07
2378	15	6.8e+07	6.9e+07
2379	15	6.9e+07	7e+07
2380	15	7e+07	7.1e+07
2381	15	7.1e+07	7.2e+07
2382	15	7.2e+07	7.3e+07
2383	15	7.3e+07	7.4e+07
2384	15	7.4e+07	7.5e+07
2385	15	7.5e+07	7.6e+07
2386	15	7.6e+07	7.7e+07
2387	15	7.7e+07	7.8e+07
2388	15	7.8e+07	7.9e+07
2389	15	7.9e+07	8e+07
2390	15	8e+07	8.1e+07
2391	15	8.1e+07	8.2e+07
2392	15	8.2e+07	8.3e+07
2393	15	8.3e+07	8.4e+07
2394	15	8.4e+07	8.5e+07
2395	15	8.5e+07	8.6e+07
2396	15	8.6e+07	8.7e+07
2397	15	8.7e+07	8.8e+07
2398	15	8.8e+07	8.9e+07
2399	15	8.9e+07	9e+07
2400	15	9e+07	9.1e+07
2401	15	9.1e+07	9.2e+07
2402	15	9.2e+07	9.3e+07
2403	15	9.3e+07	9.4e+07
2404	15	9.4e+07	9.5e+07
2405	15	9.5e+07	9.6e+07
2406	15	9.6e+07	9.7e+07
2407	15	9.7e+07	9.8e+07
2408	15	9.8e+07	9.9e+07
2409	15	9.9e+07	1e+08
2410	15	1e+08	1.01e+08
2411	15	1.01e+08	101991189
2412	16	0	8e+05
2413	16	8e+05	1800000
2414	16	1800000	2800000
2415	16	2800000	3800000
2416	16	3800000	4800000
2417	16	4800000	5800000
2418	16	5800000	6800000
2419	16	6800000	7800000
2420	16	7800000	8800000
2421	16	8800000	9800000
2422	16	9800000	10800000
2423	16	10800000	11800000
2424	16	11800000	12800000
2425	16	12800000	13800000
2426	16	13800000	14800000
2427	16	14800000	15800000
2428	16	15800000	16800000
2429	16	16800000	17800000
2430	16	17800000	18800000
2431	16	18800000	19800000
2432	16	19800000	20800000
2433	16	20800000	21800000
2434	16	21800000	22800000
2435	16	22800000	23800000
2436	16	23800000	24800000
2437	16	24800000	25800000
2438	16	25800000	26800000
2439	16	26800000	27800000
2440	16	27800000	28800000
2441	16	28800000	29800000
2442	16	29800000	30800000
2443	16	30800000	31800000
2444	16	31800000	32800000
2445	16	32800000	33800000
2446	16	33800000	34800000
2447	16	34800000	35800000
2448	16	35800000	36800000
2449	16	36800000	37800000
2450	16	37800000	38800000
2451	16	38800000	39800000
2452	16	39800000	40800000
2453	16	40800000	41800000
2454	16	41800000	42800000
2455	16	42800000	43800000
2456	16	43800000	44800000
2457	16	44800000	45800000
2458	16	45800000	46800000
2459	16	46800000	47800000
2460	16	47800000	48800000
2461	16	48800000	49800000
2462	16	49800000	50800000
2463	16	50800000	51800000
2464	16	51800000	52800000
2465	16	52800000	53800000
2466	16	53800000	54800000
2467	16	54800000	55800000
2468	16	55800000	56800000
2469	16	56800000	57800000
2470	16	57800000	58800000
2471	16	58800000	59800000
2472	16	59800000	60800000
2473	16	60800000	61800000
2474	16	61800000	62800000
2475	16	62800000	63800000
2476	16	63800000	64800000
2477	16	64800000	65800000
2478	16	65800000	66800000
2479	16	66800000	67800000
2480	16	67800000	68800000
2481	16	68800000	69800000
2482	16	69800000	70800000
2483	16	70800000	71800000
2484	16	71800000	72800000
2485	16	72800000	73800000
2486	16	73800000	74800000
2487	16	74800000	75800000
2488	16	75800000	76800000
2489	16	76800000	77800000
2490	16	77800000	78800000
2491	16	78800000	79800000
2492	16	79800000	80800000
2493	16	80800000	81800000
2494	16	81800000	82800000
2495	16	82800000	83800000
2496	16	83800000	84800000
2497	16	84800000	85800000
2498	16	85800000	86800000
2499	16	86800000	87800000
2500	16	87800000	88800000
2501	16	88800000	89800000
2502	16	89800000	90338345
2503	17	0	1e+05
2504	17	1e+05	1100000
2505	17	1100000	2100000
2506	17	2100000	3100000
2507	17	3100000	4100000
2508	17	4100000	5100000
2509	17	5100000	6100000
2510	17	6100000	7100000
2511	17	7100000	8100000
2512	17	8100000	9100000
2513	17	9100000	10100000
2514	17	10100000	11100000
2515	17	11100000	12100000
2516	17	12100000	13100000
2517	17	13100000	14100000
2518	17	14100000	15100000
2519	17	15100000	16100000
2520	17	16100000	17100000
2521	17	17100000	18100000
2522	17	18100000	19100000
2523	17	19100000	20100000
2524	17	20100000	21100000
2525	17	21100000	22100000
2526	17	22100000	23100000
2527	17	23100000	24100000
2528	17	24100000	25100000
2529	17	25100000	26100000
2530	17	26100000	27100000
2531	17	27100000	28100000
2532	17	28100000	29100000
2533	17	29100000	30100000
2534	17	30100000	31100000
2535	17	31100000	32100000
2536	17	32100000	33100000
2537	17	33100000	34100000
2538	17	34100000	35100000
2539	17	35100000	36100000
2540	17	36100000	37100000
2541	17	37100000	38100000
2542	17	38100000	39100000
2543	17	39100000	40100000
2544	17	40100000	41100000
2545	17	41100000	42100000
2546	17	42100000	43100000
2547	17	43100000	44100000
2548	17	44100000	45100000
2549	17	45100000	46100000
2550	17	46100000	47100000
2551	17	47100000	48100000
2552	17	48100000	49100000
2553	17	49100000	50100000
2554	17	50100000	51100000
2555	17	51100000	52100000
2556	17	52100000	53100000
2557	17	53100000	54100000
2558	17	54100000	55100000
2559	17	55100000	56100000
2560	17	56100000	57100000
2561	17	57100000	58100000
2562	17	58100000	59100000
2563	17	59100000	60100000
2564	17	60100000	61100000
2565	17	61100000	62100000
2566	17	62100000	63100000
2567	17	63100000	64100000
2568	17	64100000	65100000
2569	17	65100000	66100000
2570	17	66100000	67100000
2571	17	67100000	68100000
2572	17	68100000	69100000
2573	17	69100000	70100000
2574	17	70100000	71100000
2575	17	71100000	72100000
2576	17	72100000	73100000
2577	17	73100000	74100000
2578	17	74100000	75100000
2579	17	75100000	76100000
2580	17	76100000	77100000
2581	17	77100000	78100000
2582	17	78100000	79100000
2583	17	79100000	80100000
2584	17	80100000	81100000
2585	17	81100000	82100000
2586	17	82100000	83100000
2587	17	83100000	83257441
2588	18	0	5e+05
2589	18	5e+05	1500000
2590	18	1500000	2500000
2591	18	2500000	3500000
2592	18	3500000	4500000
2593	18	4500000	5500000
2594	18	5500000	6500000
2595	18	6500000	7500000
2596	18	7500000	8500000
2597	18	8500000	9500000
2598	18	9500000	10500000
2599	18	10500000	11500000
2600	18	11500000	12500000
2601	18	12500000	13500000
2602	18	13500000	14500000
2603	18	14500000	15500000
2604	18	15500000	16500000
2605	18	16500000	17500000
2606	18	17500000	18500000
2607	18	18500000	19500000
2608	18	19500000	20500000
2609	18	20500000	21500000
2610	18	21500000	22500000
2611	18	22500000	23500000
2612	18	23500000	24500000
2613	18	24500000	25500000
2614	18	25500000	26500000
2615	18	26500000	27500000
2616	18	27500000	28500000
2617	18	28500000	29500000
2618	18	29500000	30500000
2619	18	30500000	31500000
2620	18	31500000	32500000
2621	18	32500000	33500000
2622	18	33500000	34500000
2623	18	34500000	35500000
2624	18	35500000	36500000
2625	18	36500000	37500000
2626	18	37500000	38500000
2627	18	38500000	39500000
2628	18	39500000	40500000
2629	18	40500000	41500000
2630	18	41500000	42500000
2631	18	42500000	43500000
2632	18	43500000	44500000
2633	18	44500000	45500000
2634	18	45500000	46500000
2635	18	46500000	47500000
2636	18	47500000	48500000
2637	18	48500000	49500000
2638	18	49500000	50500000
2639	18	50500000	51500000
2640	18	51500000	52500000
2641	18	52500000	53500000
2642	18	53500000	54500000
2643	18	54500000	55500000
2644	18	55500000	56500000
2645	18	56500000	57500000
2646	18	57500000	58500000
2647	18	58500000	59500000
2648	18	59500000	60500000
2649	18	60500000	61500000
2650	18	61500000	62500000
2651	18	62500000	63500000
2652	18	63500000	64500000
2653	18	64500000	65500000
2654	18	65500000	66500000
2655	18	66500000	67500000
2656	18	67500000	68500000
2657	18	68500000	69500000
2658	18	69500000	70500000
2659	18	70500000	71500000
2660	18	71500000	72500000
2661	18	72500000	73500000
2662	18	73500000	74500000
2663	18	74500000	75500000
2664	18	75500000	76500000
2665	18	76500000	77500000
2666	18	77500000	78500000
2667	18	78500000	79500000
2668	18	79500000	80373285
2669	19	0	2e+05
2670	19	2e+05	1200000
2671	19	1200000	2200000
2672	19	2200000	3200000
2673	19	3200000	4200000
2674	19	4200000	5200000
2675	19	5200000	6200000
2676	19	6200000	7200000
2677	19	7200000	8200000
2678	19	8200000	9200000
2679	19	9200000	10200000
2680	19	10200000	11200000
2681	19	11200000	12200000
2682	19	12200000	13200000
2683	19	13200000	14200000
2684	19	14200000	15200000
2685	19	15200000	16200000
2686	19	16200000	17200000
2687	19	17200000	18200000
2688	19	18200000	19200000
2689	19	19200000	20200000
2690	19	20200000	21200000
2691	19	21200000	22200000
2692	19	22200000	23200000
2693	19	23200000	24200000
2694	19	24200000	25200000
2695	19	25200000	26200000
2696	19	26200000	27200000
2697	19	27200000	28200000
2698	19	28200000	29200000
2699	19	29200000	30200000
2700	19	30200000	31200000
2701	19	31200000	32200000
2702	19	32200000	33200000
2703	19	33200000	34200000
2704	19	34200000	35200000
2705	19	35200000	36200000
2706	19	36200000	37200000
2707	19	37200000	38200000
2708	19	38200000	39200000
2709	19	39200000	40200000
2710	19	40200000	41200000
2711	19	41200000	42200000
2712	19	42200000	43200000
2713	19	43200000	44200000
2714	19	44200000	45200000
2715	19	45200000	46200000
2716	19	46200000	47200000
2717	19	47200000	48200000
2718	19	48200000	49200000
2719	19	49200000	50200000
2720	19	50200000	51200000
2721	19	51200000	52200000
2722	19	52200000	53200000
2723	19	53200000	54200000
2724	19	54200000	55200000
2725	19	55200000	56200000
2726	19	56200000	57200000
2727	19	57200000	58200000
2728	19	58200000	58617616
2729	20	0	1e+05
2730	20	1e+05	1100000
2731	20	1100000	2100000
2732	20	2100000	3100000
2733	20	3100000	4100000
2734	20	4100000	5100000
2735	20	5100000	6100000
2736	20	6100000	7100000
2737	20	7100000	8100000
2738	20	8100000	9100000
2739	20	9100000	10100000
2740	20	10100000	11100000
2741	20	11100000	12100000
2742	20	12100000	13100000
2743	20	13100000	14100000
2744	20	14100000	15100000
2745	20	15100000	16100000
2746	20	16100000	17100000
2747	20	17100000	18100000
2748	20	18100000	19100000
2749	20	19100000	20100000
2750	20	20100000	21100000
2751	20	21100000	22100000
2752	20	22100000	23100000
2753	20	23100000	24100000
2754	20	24100000	25100000
2755	20	25100000	26100000
2756	20	26100000	27100000
2757	20	27100000	28100000
2758	20	28100000	29100000
2759	20	29100000	30100000
2760	20	30100000	31100000
2761	20	31100000	32100000
2762	20	32100000	33100000
2763	20	33100000	34100000
2764	20	34100000	35100000
2765	20	35100000	36100000
2766	20	36100000	37100000
2767	20	37100000	38100000
2768	20	38100000	39100000
2769	20	39100000	40100000
2770	20	40100000	41100000
2771	20	41100000	42100000
2772	20	42100000	43100000
2773	20	43100000	44100000
2774	20	44100000	45100000
2775	20	45100000	46100000
2776	20	46100000	47100000
2777	20	47100000	48100000
2778	20	48100000	49100000
2779	20	49100000	50100000
2780	20	50100000	51100000
2781	20	51100000	52100000
2782	20	52100000	53100000
2783	20	53100000	54100000
2784	20	54100000	55100000
2785	20	55100000	56100000
2786	20	56100000	57100000
2787	20	57100000	58100000
2788	20	58100000	59100000
2789	20	59100000	60100000
2790	20	60100000	61100000
2791	20	61100000	62100000
2792	20	62100000	63100000
2793	20	63100000	64100000
2794	20	64100000	64444167
2795	21	0	1e+06
2796	21	1e+06	2e+06
2797	21	2e+06	3e+06
2798	21	3e+06	4e+06
2799	21	4e+06	5e+06
2800	21	5e+06	6e+06
2801	21	6e+06	7e+06
2802	21	7e+06	8e+06
2803	21	8e+06	9e+06
2804	21	9e+06	1e+07
2805	21	1e+07	1.1e+07
2806	21	1.1e+07	1.2e+07
2807	21	1.2e+07	1.3e+07
2808	21	1.3e+07	1.4e+07
2809	21	1.4e+07	1.5e+07
2810	21	1.5e+07	1.6e+07
2811	21	1.6e+07	1.7e+07
2812	21	1.7e+07	1.8e+07
2813	21	1.8e+07	1.9e+07
2814	21	1.9e+07	2e+07
2815	21	2e+07	2.1e+07
2816	21	2.1e+07	2.2e+07
2817	21	2.2e+07	2.3e+07
2818	21	2.3e+07	2.4e+07
2819	21	2.4e+07	2.5e+07
2820	21	2.5e+07	2.6e+07
2821	21	2.6e+07	2.7e+07
2822	21	2.7e+07	2.8e+07
2823	21	2.8e+07	2.9e+07
2824	21	2.9e+07	3e+07
2825	21	3e+07	3.1e+07
2826	21	3.1e+07	3.2e+07
2827	21	3.2e+07	3.3e+07
2828	21	3.3e+07	3.4e+07
2829	21	3.4e+07	3.5e+07
2830	21	3.5e+07	3.6e+07
2831	21	3.6e+07	3.7e+07
2832	21	3.7e+07	3.8e+07
2833	21	3.8e+07	3.9e+07
2834	21	3.9e+07	4e+07
2835	21	4e+07	4.1e+07
2836	21	4.1e+07	4.2e+07
2837	21	4.2e+07	4.3e+07
2838	21	4.3e+07	4.4e+07
2839	21	4.4e+07	4.5e+07
2840	21	4.5e+07	4.6e+07
2841	21	4.6e+07	46709983
2842	22	0	1e+06
2843	22	1e+06	2e+06
2844	22	2e+06	3e+06
2845	22	3e+06	4e+06
2846	22	4e+06	5e+06
2847	22	5e+06	6e+06
2848	22	6e+06	7e+06
2849	22	7e+06	8e+06
2850	22	8e+06	9e+06
2851	22	9e+06	1e+07
2852	22	1e+07	1.1e+07
2853	22	1.1e+07	1.2e+07
2854	22	1.2e+07	1.3e+07
2855	22	1.3e+07	1.4e+07
2856	22	1.4e+07	1.5e+07
2857	22	1.5e+07	1.6e+07
2858	22	1.6e+07	1.7e+07
2859	22	1.7e+07	1.8e+07
2860	22	1.8e+07	1.9e+07
2861	22	1.9e+07	2e+07
2862	22	2e+07	2.1e+07
2863	22	2.1e+07	2.2e+07
2864	22	2.2e+07	2.3e+07
2865	22	2.3e+07	2.4e+07
2866	22	2.4e+07	2.5e+07
2867	22	2.5e+07	2.6e+07
2868	22	2.6e+07	2.7e+07
2869	22	2.7e+07	2.8e+07
2870	22	2.8e+07	2.9e+07
2871	22	2.9e+07	3e+07
2872	22	3e+07	3.1e+07
2873	22	3.1e+07	3.2e+07
2874	22	3.2e+07	3.3e+07
2875	22	3.3e+07	3.4e+07
2876	22	3.4e+07	3.5e+07
2877	22	3.5e+07	3.6e+07
2878	22	3.6e+07	3.7e+07
2879	22	3.7e+07	3.8e+07
2880	22	3.8e+07	3.9e+07
2881	22	3.9e+07	4e+07
2882	22	4e+07	4.1e+07
2883	22	4.1e+07	4.2e+07
2884	22	4.2e+07	4.3e+07
2885	22	4.3e+07	4.4e+07
2886	22	4.4e+07	4.5e+07
2887	22	4.5e+07	4.6e+07
2888	22	4.6e+07	4.7e+07
2889	22	4.7e+07	4.8e+07
2890	22	4.8e+07	4.9e+07
2891	22	4.9e+07	5e+07
2892	22	5e+07	50818468
2893	X	0	1e+06
2894	X	1e+06	2e+06
2895	X	2e+06	3e+06
2896	X	3e+06	4e+06
2897	X	4e+06	5e+06
2898	X	5e+06	6e+06
2899	X	6e+06	7e+06
2900	X	7e+06	8e+06
2901	X	8e+06	9e+06
2902	X	9e+06	1e+07
2903	X	1e+07	1.1e+07
2904	X	1.1e+07	1.2e+07
2905	X	1.2e+07	1.3e+07
2906	X	1.3e+07	1.4e+07
2907	X	1.4e+07	1.5e+07
2908	X	1.5e+07	1.6e+07
2909	X	1.6e+07	1.7e+07
2910	X	1.7e+07	1.8e+07
2911	X	1.8e+07	1.9e+07
2912	X	1.9e+07	2e+07
2913	X	2e+07	2.1e+07
2914	X	2.1e+07	2.2e+07
2915	X	2.2e+07	2.3e+07
2916	X	2.3e+07	2.4e+07
2917	X	2.4e+07	2.5e+07
2918	X	2.5e+07	2.6e+07
2919	X	2.6e+07	2.7e+07
2920	X	2.7e+07	2.8e+07
2921	X	2.8e+07	2.9e+07
2922	X	2.9e+07	3e+07
2923	X	3e+07	3.1e+07
2924	X	3.1e+07	3.2e+07
2925	X	3.2e+07	3.3e+07
2926	X	3.3e+07	3.4e+07
2927	X	3.4e+07	3.5e+07
2928	X	3.5e+07	3.6e+07
2929	X	3.6e+07	3.7e+07
2930	X	3.7e+07	3.8e+07
2931	X	3.8e+07	3.9e+07
2932	X	3.9e+07	4e+07
2933	X	4e+07	4.1e+07
2934	X	4.1e+07	4.2e+07
2935	X	4.2e+07	4.3e+07
2936	X	4.3e+07	4.4e+07
2937	X	4.4e+07	4.5e+07
2938	X	4.5e+07	4.6e+07
2939	X	4.6e+07	4.7e+07
2940	X	4.7e+07	4.8e+07
2941	X	4.8e+07	4.9e+07
2942	X	4.9e+07	5e+07
2943	X	5e+07	5.1e+07
2944	X	5.1e+07	5.2e+07
2945	X	5.2e+07	5.3e+07
2946	X	5.3e+07	5.4e+07
2947	X	5.4e+07	5.5e+07
2948	X	5.5e+07	5.6e+07
2949	X	5.6e+07	5.7e+07
2950	X	5.7e+07	5.8e+07
2951	X	5.8e+07	5.9e+07
2952	X	5.9e+07	6e+07
2953	X	6e+07	6.1e+07
2954	X	6.1e+07	6.2e+07
2955	X	6.2e+07	6.3e+07
2956	X	6.3e+07	6.4e+07
2957	X	6.4e+07	6.5e+07
2958	X	6.5e+07	6.6e+07
2959	X	6.6e+07	6.7e+07
2960	X	6.7e+07	6.8e+07
2961	X	6.8e+07	6.9e+07
2962	X	6.9e+07	7e+07
2963	X	7e+07	7.1e+07
2964	X	7.1e+07	7.2e+07
2965	X	7.2e+07	7.3e+07
2966	X	7.3e+07	7.4e+07
2967	X	7.4e+07	7.5e+07
2968	X	7.5e+07	7.6e+07
2969	X	7.6e+07	7.7e+07
2970	X	7.7e+07	7.8e+07
2971	X	7.8e+07	7.9e+07
2972	X	7.9e+07	8e+07
2973	X	8e+07	8.1e+07
2974	X	8.1e+07	8.2e+07
2975	X	8.2e+07	8.3e+07
2976	X	8.3e+07	8.4e+07
2977	X	8.4e+07	8.5e+07
2978	X	8.5e+07	8.6e+07
2979	X	8.6e+07	8.7e+07
2980	X	8.7e+07	8.8e+07
2981	X	8.8e+07	8.9e+07
2982	X	8.9e+07	9e+07
2983	X	9e+07	9.1e+07
2984	X	9.1e+07	9.2e+07
2985	X	9.2e+07	9.3e+07
2986	X	9.3e+07	9.4e+07
2987	X	9.4e+07	9.5e+07
2988	X	9.5e+07	9.6e+07
2989	X	9.6e+07	9.7e+07
2990	X	9.7e+07	9.8e+07
2991	X	9.8e+07	9.9e+07
2992	X	9.9e+07	1e+08
2993	X	1e+08	1.01e+08
2994	X	1.01e+08	1.02e+08
2995	X	1.02e+08	1.03e+08
2996	X	1.03e+08	1.04e+08
2997	X	1.04e+08	1.05e+08
2998	X	1.05e+08	1.06e+08
2999	X	1.06e+08	1.07e+08
3000	X	1.07e+08	1.08e+08
3001	X	1.08e+08	1.09e+08
3002	X	1.09e+08	1.1e+08
3003	X	1.1e+08	1.11e+08
3004	X	1.11e+08	1.12e+08
3005	X	1.12e+08	1.13e+08
3006	X	1.13e+08	1.14e+08
3007	X	1.14e+08	1.15e+08
3008	X	1.15e+08	1.16e+08
3009	X	1.16e+08	1.17e+08
3010	X	1.17e+08	1.18e+08
3011	X	1.18e+08	1.19e+08
3012	X	1.19e+08	1.2e+08
3013	X	1.2e+08	1.21e+08
3014	X	1.21e+08	1.22e+08
3015	X	1.22e+08	1.23e+08
3016	X	1.23e+08	1.24e+08
3017	X	1.24e+08	1.25e+08
3018	X	1.25e+08	1.26e+08
3019	X	1.26e+08	1.27e+08
3020	X	1.27e+08	1.28e+08
3021	X	1.28e+08	1.29e+08
3022	X	1.29e+08	1.3e+08
3023	X	1.3e+08	1.31e+08
3024	X	1.31e+08	1.32e+08
3025	X	1.32e+08	1.33e+08
3026	X	1.33e+08	1.34e+08
3027	X	1.34e+08	1.35e+08
3028	X	1.35e+08	1.36e+08
3029	X	1.36e+08	1.37e+08
3030	X	1.37e+08	1.38e+08
3031	X	1.38e+08	1.39e+08
3032	X	1.39e+08	1.4e+08
3033	X	1.4e+08	1.41e+08
3034	X	1.41e+08	1.42e+08
3035	X	1.42e+08	1.43e+08
3036	X	1.43e+08	1.44e+08
3037	X	1.44e+08	1.45e+08
3038	X	1.45e+08	1.46e+08
3039	X	1.46e+08	1.47e+08
3040	X	1.47e+08	1.48e+08
3041	X	1.48e+08	1.49e+08
3042	X	1.49e+08	1.5e+08
3043	X	1.5e+08	1.51e+08
3044	X	1.51e+08	1.52e+08
3045	X	1.52e+08	1.53e+08
3046	X	1.53e+08	1.54e+08
3047	X	1.54e+08	1.55e+08
3048	X	1.55e+08	156040895
3049	Y	0	4e+05
3050	Y	4e+05	1400000
3051	Y	1400000	2400000
3052	Y	2400000	3400000
3053	Y	3400000	4400000
3054	Y	4400000	5400000
3055	Y	5400000	6400000
3056	Y	6400000	7400000
3057	Y	7400000	8400000
3058	Y	8400000	9400000
3059	Y	9400000	10400000
3060	Y	10400000	11400000
3061	Y	11400000	12400000
3062	Y	12400000	13400000
3063	Y	13400000	14400000
3064	Y	14400000	15400000
3065	Y	15400000	16400000
3066	Y	16400000	17400000
3067	Y	17400000	18400000
3068	Y	18400000	19400000
3069	Y	19400000	20400000
3070	Y	20400000	21400000
3071	Y	21400000	22400000
3072	Y	22400000	23400000
3073	Y	23400000	24400000
3074	Y	24400000	25400000
3075	Y	25400000	26400000
3076	Y	26400000	27400000
3077	Y	27400000	28400000
3078	Y	28400000	29400000
3079	Y	29400000	30400000
3080	Y	30400000	31400000
3081	Y	31400000	32400000
3082	Y	32400000	33400000
3083	Y	33400000	34400000
3084	Y	34400000	35400000
3085	Y	35400000	36400000
3086	Y	36400000	37400000
3087	Y	37400000	38400000
3088	Y	38400000	39400000
3089	Y	39400000	40400000
3090	Y	40400000	41400000
3091	Y	41400000	42400000
3092	Y	42400000	43400000
3093	Y	43400000	44400000
3094	Y	44400000	45400000
3095	Y	45400000	46400000
3096	Y	46400000	47400000
3097	Y	47400000	48400000
3098	Y	48400000	49400000
3099	Y	49400000	50400000
3100	Y	50400000	51400000
3101	Y	51400000	52400000
3102	Y	52400000	53400000
3103	Y	53400000	54400000
3104	Y	54400000	55400000
3105	Y	55400000	56400000
3106	Y	56400000	57227415
